0 0.5176746166950597 0.4889267461669506 0.10298126064735953 0.14991482112436116
0 0.6295144804088586 0.4642248722316865 0.09855195911413979 0.15161839863713794
0 0.5492333901192503 0.554514510876178 0.0620102214650766 0.12776837439290137
0 0.4346252129471891 0.5195911413969335 0.0719761499148212 0.11584327086882446
1 0.3764906621764984 0.5255536626916525 0.06422480852604916 0.12436115843270863
1 0.3266609880749574 0.5221465076660988 0.057580919931856905 0.10391822827938675
1 0.3006388415672913 0.5315161839863713 0.04540034071550263 0.07836456558773428
1 0.2657580919931857 0.5229982964224873 0.055366269165247 0.07836456558773428
2 0.2286626916524702 0.5170357751277683 0.04540034071550256 0.08006814310051105
1 0.4855621805792164 0.5868824531516185 0.060902896081771726 0.08347529812606481
1 0.42576660988074955 0.5979557069846678 0.05204429301533224 0.07836456558773434
0 0.7109028960817717 0.48722316865417375 0.06643952299829635 0.13287904599659284
0 0.7618398637137989 0.520442930153322 0.05315161839863705 0.11413969335604769
0 0.6129045996592845 0.5741056218057922 0.06311754684838157 0.08517887563884166
0 0.6738074957410563 0.5715502555366269 0.049829642248722335 0.08347529812606481
0 0.7230834752981261 0.6081771720613287 0.048722316865417385 0.11925042589437815
0 0.37482964224872234 0.6124361158432708 0.060902896081771726 0.08347529812606468
0 0.34050255536626906 0.6047700170357753 0.03875638841567294 0.06473594548551966
1 0.2502555366269165 0.5817717472721926 0.05093696763202724 0.052810956213891085
1 0.2962095400340714 0.6013628696270513 0.06754684838160133 0.06814311574473318
0 0.7618398637137989 0.6047700170357752 0.0398637137989779 0.07495741056218065
1 0.8094548551959119 0.6141397200149522 0.06201022146507658 0.08006819641832025
0 0.8005962521294719 0.5085178875638842 0.0398637137989779 0.08006814310051105
0 0.8232964224872231 0.5221465076660988 0.03432708688245313 0.07325383304940374
1 0.8471039182282795 0.5281090289608177 0.0398637137989779 0.06473594548551959
1 0.8531942078364565 0.5936967784363855 0.05204429301533223 0.08006817356783062
