0 0.21626838235294124 0.4295343137254901 0.06611519607843139 0.09191176470588232
0 0.21825980392156866 0.4963235294117647 0.06691176470588239 0.06372549019607845
0 0.29708299550540884 0.38043938219129214 0.11920011918189691 0.19251604746809592
0 0.28842739985908056 0.48963337678612406 0.058363560635584795 0.05022173469139876
0 0.3720158892439434 0.4888723338284604 0.053417496174941945 0.05022157760037274
0 0.4143047403824393 0.39337524308835753 0.1221677921778766 0.2031691093833265
0 0.5285588294232875 0.37283005225184135 0.11029723747233397 0.18795044950442555
0 0.4514002238372601 0.48811140083451543 0.06281501865016338 0.10348688717652578
0 0.5285588294232874 0.48620906834965283 0.08161006360060569 0.10424782017047086
0 0.630695045827164 0.37244958575486875 0.11375945317798913 0.19784257842571107
1 0.7104079258293655 0.39299477659138504 0.07567478624783447 0.1582740627405689
0 0.6186584300844419 0.5155049886165368 0.09496443764434154 0.14762100082533836
0 0.6942432878875371 0.5124608766025663 0.06654704910683008 0.13765969617733048
0 0.752247134744166 0.41457722329054497 0.051259213501206914 0.10099656101452383
3 0.761689620327482 0.5107316072031957 0.09802198916565139 0.134201062171909
1 0.8064290226993893 0.40108795657970103 0.07688882025181058 0.10583886188508324
3 0.8403770105883466 0.4578120524919677 0.08902916029157013 0.08370262933395473
0 0.8702782184640506 0.37895172402857247 0.05530599351446014 0.09615426014396448
