2 0.29090909090909084 0.6034966050398107 0.09636363636363637 0.13846174154815277
2 0.38772727272727275 0.631468662024212 0.11000000000000006 0.14405620516730533
1 0.5931818181818183 0.5008866178608812 0.09909090909090901 0.173051939103412
2 0.2822727272727273 0.4769230769230767 0.0718181818181818 0.13426573426573418
1 0.3580002373196187 0.4902097902097875 0.06763598954261583 0.14125874125874083
2 0.41995934189217665 0.4899016733323882 0.07209659512332238 0.14876039536757915
1 0.49629691319922387 0.5006672282603052 0.09160508556845663 0.18334066271179716
1 0.46173295730186653 0.6500800815023036 0.08269903558263451 0.1742062524699282
1 0.5461283833579896 0.6370310458242963 0.08778820700310414 0.176816219312468
1 0.7015601437396447 0.5013196861347238 0.11705090916708154 0.20552423044204995
0 0.6326442975059777 0.6376834427935272 0.08524362129286925 0.148108059303537
0 0.7098300640497699 0.6455128763813691 0.0742170832151848 0.10113097053497704
2 0.8084327603213722 0.4983835512601628 0.10008703793590627 0.2022620899493039
2 0.8441441252481119 0.6415981291348538 0.0597977641905203 0.14810793749315998
0 0.781165622219053 0.6468177650612346 0.06446285139410717 0.12200973079228229
2 0.8882502775588493 0.49479506001983 0.0648869356109902 0.16246210547178686
2 0.9295997953501665 0.48011492025923397 0.04749893325771816 0.18921301366783813
2 0.8905828144598991 0.6461653342557884 0.04665073802097325 0.16115709498154415
2 0.9240865263113253 0.6285489716464697 0.03392780946979883 0.11678995952103798
