2 0.07000887917491973 0.3389969143122293 0.06078819752749128 0.1429074306609993
2 0.12328392869339522 0.4335680081320083 0.04712792842018985 0.19754850709020488
1 0.17007037736494376 0.4608885463466111 0.07239948022677992 0.1828374480515726
1 0.25066591113993963 0.47402350767794965 0.10928209890032874 0.2217165011314108
1 0.3493613824192336 0.48032816007623225 0.0922068164742845 0.18178665812024178
1 0.4429342042210155 0.46824404316978874 0.13865168827264307 0.2437833294610403
2 0.25373949866812373 0.6235797969706762 0.0990369510279353 0.16145927196051343
2 0.3456048003210134 0.602219792110614 0.07922957700977297 0.09772346361377146
2 0.4207362885048833 0.5953860233107638 0.07103339935796725 0.05883696766213007
2 0.49450174168431105 0.5764754387930076 0.04644491496482473 0.05884423615452917
1 0.5764633563281195 0.45248222689596396 0.12977255651936345 0.2290722050301312
2 0.5481182979304691 0.5864579431406509 0.05942217061676118 0.05569186636053658
2 0.6174441636500237 0.5696453042393569 0.058739157161395925 0.04308238718456593
1 0.6912096168294514 0.4503806470333023 0.09835393757257009 0.21015798626617552
2 0.6908681262891935 0.5932880776943015 0.09220681647428436 0.10718057299574951
1 0.7882658288368282 0.4382965628229971 0.10245201830476035 0.19859929702153573
0 0.846321972542859 0.44249972254832065 0.06010518407212615 0.1880913977082271
2 0.7855337750153679 0.568594514308026 0.07649750700088788 0.10612978306441867
2 0.8627142954716207 0.5081742131423413 0.060105184072126144 0.1155871322180782
2 0.8982310167338369 0.4424997225483204 0.03961482357764032 0.08511398443780108
2 0.9125742777132708 0.3258620401705933 0.024588484393142523 0.12714558169103612
2 0.8920838740523185 0.3353192476409865 0.024588484393142512 0.08721536812363237
