0 0.1923268907671028 0.4372841160355094 0.05530594448646874 0.11829049269509248
1 0.2546023142348373 0.41756903391966227 0.0746406091333364 0.18539094761570127
0 0.3386854056086742 0.43555472286745334 0.0989212802986757 0.16325471506457248
0 0.1988466784966824 0.5009257846200056 0.026978533421687878 0.05741585317948946
1 0.24650875420833096 0.5244455317055795 0.06654704910683008 0.10583886188508324
0 0.3094586655256027 0.5279043180416935 0.04856136015903818 0.040813678766143086
0 0.3652143001494841 0.5372430839922062 0.06025204237528757 0.07609348028720174
0 0.4385059837260097 0.45457804771608024 0.09802200476546595 0.15702889965956784
0 0.4214195792256065 0.5462359570281082 0.05125921350120679 0.03182097710227164
0 0.4938119772404698 0.5348218907139212 0.04136708457992135 0.049114765972816485
0 0.5252869328991057 0.44766047504385253 0.07374132468594688 0.15149484152178572
2 0.5542888563274198 0.5310172447855324 0.07059382912008316 0.1604877240783548
0 0.6015012775583726 0.43486305128624336 0.07329170251915737 0.16602206783618295
0 0.5940821931244098 0.53205486164503 0.02697853342168777 0.0795520857306181
0 0.6577065677772237 0.44938986821190957 0.053507424619680964 0.11898224996231577
0 0.6959261567912814 0.4476604750438527 0.03911887346144738 0.0975377746784099
0 0.6455662511371859 0.5638756959372757 0.06789602257736127 0.114139949091756
0 0.7231295113248167 0.42137369888938747 0.021582826737350444 0.05049828050726198
0 0.6406201721909969 0.4386677733799786 0.01753604226700557 0.09892109879948897
