5 0.07569510021797321 0.1509186351706037 0.14788984898078003 0.23359580052493442
4 0.1181368616118657 0.34645669291338593 0.18026809994106915 0.2545931758530184
4 0.7989552196417289 0.5288713910761155 0.15401546402732122 0.19160104986876633
6 0.8133941693942895 0.39173228346456684 0.16714178198419488 0.22703412073490792
6 0.839646805308038 0.18175853018372704 0.15489055189111284 0.23753280839895013
1 0.28046566034520715 0.8143044619422573 0.10063510433603376 0.23490813648293965
1 0.3789130450217618 0.8779527559055117 0.08925896210674296 0.19160104986876647
1 0.47648534183452507 0.9009186351706036 0.08838387424295135 0.1561679790026247
1 0.7779531109107305 0.6778215223097113 0.13826388247907245 0.19553805774278218
1 0.20739582371860865 0.6804461942257217 0.12601265238599008 0.23753280839895005
1 0.1570782715505918 0.515748031496063 0.14964002470836324 0.19422572178477687
0 0.5736200947153924 0.9094488188976377 0.0953845771532842 0.1417322834645671
1 0.6493151949333656 0.8503937007874016 0.11726177374807413 0.125984251968504
1 0.7101338014668818 0.7854330708661418 0.1251375645221985 0.15354330708661423
