0 0.34770220588235295 0.12009803921568625 0.05814950980392155 0.0906862745098039
0 0.43572303921568634 0.0974264705882353 0.09240196078431374 0.12867647058823528
0 0.5464460862912588 0.08884803921568628 0.0939951137589881 0.14583333333333331
0 0.6420342875258698 0.12928921568627452 0.09718140398856454 0.16544117647058826
0 0.26764705882352946 0.19178921568627452 0.10036764705882355 0.1409313725490196
0 0.21865808823529412 0.2984068627450981 0.09797794117647061 0.13112745098039216
0 0.17763480392156863 0.39767156862745096 0.11629901960784314 0.1409313725490196
1 0.7045649509803923 0.21384796331668565 0.09160539215686285 0.14583348513133437
0 0.7356311274509804 0.33394607843137253 0.09319852941176478 0.14338235294117646
0 0.12745098039215688 0.9117647058823529 0.13700980392156864 0.1715686274509804
3 0.773866413708741 0.5067402804106542 0.1393996198423291 0.2267158549389556
1 0.13740809609518034 0.7310049019607843 0.1378063568292472 0.1973039215686275
1 0.823253676470588 0.679534490823158 0.1298406862745098 0.21691211890121845
3 0.14736518821854522 0.5459558823529411 0.1386029568962431 0.21691176470588233
