0 0.08636363636363638 0.3986015726756395 0.1654545454545455 0.21538426723613383
0 0.2599999676818064 0.3797200476212917 0.18181811718179483 0.26713333133084244
0 0.42318178945453516 0.3615384615384615 0.15363630618179752 0.23916083916083913
0 0.010454545454545454 0.5615384615384614 0.015454545454545453 0.12167832167832167
0 0.05090907295453898 0.5909090909090909 0.0654545095454416 0.17482517482517476
0 0.1345454509545442 0.6062937062937063 0.11090908372727018 0.23636363636363622
0 0.2549999748636273 0.6139860139860138 0.11727267699998185 0.21818181818181814
0 0.3740908731818054 0.5853146853146849 0.1281817463636104 0.2139860139860138
0 0.5749999353636126 0.3622377332253886 0.1445453252726815 0.2209790790037679
0 0.5163636076363534 0.5685314685314683 0.1327272152727067 0.22517482517482498
0 0.7131817786818035 0.36013980211511304 0.12454537554542604 0.17202808807746575
0 0.6459090765454494 0.5265734265734267 0.12636360763635324 0.19440559440559435
0 0.8245454545454546 0.34895104895104895 0.1 0.15244755244755243
0 0.7513636076363537 0.5062936627751461 0.11363630618179732 0.17622386326089662
1 0.92 0.3034965034965035 0.09818181818181827 0.1202797202797203
0 0.9622727272727272 0.327972027972028 0.06454545454545453 0.158041958041958
0 0.8699999820454479 0.4356644952323898 0.1581817822727142 0.1412590603948495
