3 0.7097426470588236 0.4442401960784314 0.12904411764705884 0.14338235294117652
3 0.7340379901960787 0.5557598882537915 0.14577205882352942 0.1531864431742495
0 0.041819852941176475 0.40625 0.0246936274509804 0.11151960784313729
1 0.06452205882352942 0.5575980392156863 0.05257352941176471 0.1813725490196078
0 0.0892156862745098 0.3786764705882353 0.09240196078431374 0.2230392156862745
0 0.21427697388412412 0.3792892156862745 0.16409311105528132 0.23897058823529402
0 0.13063725490196076 0.5943627872641505 0.07965686274509802 0.22058831962634048
0 0.3927083333333334 0.3829656862745099 0.1943627450980392 0.22181372549019612
0 0.22383578431372553 0.5974264705882354 0.10514705882352943 0.26102941176470584
0 0.3349571078431373 0.5992647058823529 0.12028186274509807 0.25
0 0.46798405028771645 0.6011030255086931 0.14099261037935454 0.25122565886052417
0 0.5803002450980392 0.39828431372549017 0.18082107843137257 0.2377450980392157
3 0.5994178921568628 0.5563724984202743 0.11868872549019598 0.1495097027229012
4 0.9499080882352942 0.3290441176470588 0.09160539215686271 0.12377450980392159
2 0.8359987745098039 0.3903186274509804 0.12984068627450981 0.12622549019607845
1 0.876623774509804 0.45833340079911167 0.16329656862745112 0.15931386042175258
