3 0.07822630841690142 0.7455137722975804 0.14015546924694836 0.11031915289563017
3 0.092486312555399 0.5875568033788384 0.17845376607605623 0.21311654536655966
2 0.12508060772910795 0.43273390130371986 0.15237832993708916 0.15670334218129284
0 0.17030519228262922 0.3002436036193572 0.14015546924694824 0.18428313040520042
0 0.24527207118215955 0.1842831304052004 0.12548803641877926 0.20559478494185618
0 0.3365360976685448 0.10655827268327916 0.11082060359061058 0.1654787293434453
0 0.444097271741784 0.07208353740339472 0.1124503183492957 0.13664531438208738
0 0.5752893098159625 0.06330815024124231 0.11245031834929584 0.11909454005778258
0 0.6791836256821598 0.08900749835897435 0.1051166019352113 0.1654787293434453
0 0.76596593658216 0.15670334218129298 0.1254880364187794 0.1955657710422537
1 0.8239908060619717 0.26952974855182377 0.13526632497089197 0.20308753146695563
1 0.8602519594427229 0.3905047287157818 0.14911890041971831 0.1817758769302997
2 0.8908091111680756 0.5522225778468761 0.19067662676619687 0.24194996032791605
0 0.18782462593849764 0.9724202117760925 0.08230059531361503 0.05014506949801373
0 0.28316293932159614 0.9611375711390394 0.10185717241784031 0.06518859034741786
0 0.39398354291220655 0.9529889973456123 0.11652460524600933 0.09151475183387497
0 0.5158047211239437 0.939825916602384 0.12385832166009354 0.11031915289563003
0 0.6612567633366198 0.9348114096525822 0.12467317903943645 0.12034816679523289
0 0.11978403476338027 0.9855832925193211 0.04889144276056337 0.016297147586854237
3 0.04807658538122066 0.970539771669917 0.08637488221032864 0.05390594971036478
0 0.7706176477150237 0.9279164625966054 0.10348688717652564 0.13413806090718652
0 0.8700302479948356 0.9191410754344528 0.09533831338309852 0.1516888352314915
0 0.9449971268943662 0.9254092091217047 0.08881945434835686 0.13163080743228606
0 0.9739245638610331 0.9297969027027808 0.04563201324319266 0.11784091332033228
3 0.9450215109716469 0.8552434508660082 0.10870032687891024 0.10004876684719681
