4 0.2961545992248473 0.4136223226191477 0.04396812578927333 0.058224587218511786
4 0.3024751410486243 0.4822715858350152 0.057120508081403794 0.08787770474062122
2 0.36037456514932 0.4221552469101812 0.09554703169980275 0.10824935447594704
1 0.3846507810839172 0.5102326737070315 0.10930788137395933 0.08947548119045157
1 0.4469640626272662 0.422954135135096 0.08126690467945182 0.12822156009881552
1 0.4751632232298717 0.5252044846286998 0.08500167011044776 0.11831734301087973
1 0.5265183989216001 0.4255688273563793 0.08449570778836182 0.13544222160455988
0 0.605701502328059 0.4072763434040394 0.0951209165521679 0.1875952609580399
1 0.5601648933403193 0.5318209149944395 0.09208514261965182 0.14556146804627973
0 0.6385890532636489 0.5571190310987392 0.09309706726382384 0.17591920737143973
0 0.6980396261087537 0.40221672018317933 0.08854340636504993 0.18214643595095972
0 0.7754518613879121 0.3773078058650992 0.09360302958590927 0.18058962880607954
1 0.6993045319139688 0.534545327497979 0.04148891041105188 0.09340842869279982
0 0.7491418206394402 0.5123608256834392 0.06324529026074911 0.1502318894809197
0 0.7941724673050949 0.522480072125159 0.05413796846319982 0.1190957465833197
0 0.8386971516486615 0.37847541122375944 0.05717374239571786 0.18448164666827954
1 0.8839807794753586 0.3706913754993593 0.053632006141115636 0.16112953949507983
0 0.8968828186885517 0.37458339336155944 0.020744455205525533 0.15801592520531968
0 0.8235182819860815 0.5244260810562598 0.023780229138041807 0.10741969299671947
0 0.8488163980903817 0.5205340631940597 0.02479215378221416 0.11053330728647985
