1 0.37239583333333337 0.42585784313725483 0.12506127450980398 0.21446078431372548
1 0.5034313725490197 0.4712009803921569 0.12426470588235304 0.22181372549019612
1 0.26326593137254906 0.4534313725490196 0.10912990196078433 0.1642156862745098
0 0.16130514705882354 0.41482843137254904 0.09479166666666669 0.13848039215686278
0 0.21666666666666667 0.5330883533592299 0.12426470588235296 0.12254925573806673
0 0.11510417190659084 0.5036766814187924 0.13143382352941174 0.0980394349500539
0 0.320220588235294 0.5661765717869026 0.11151960784313725 0.16421588867184453
0 0.06412377450980393 0.3909313725490196 0.09957107843137257 0.125
1 0.6460171568627449 0.44730387096929364 0.15772058823529408 0.24264716002219686
0 0.4397058823529412 0.5477941176470589 0.11311274509803923 0.18872549019607845
0 0.5556066176470589 0.573529411764706 0.07567401960784316 0.11519607843137245
0 0.6468137019105374 0.6176470588235294 0.08284318441421919 0.13480392156862728
0 0.7280637254901962 0.585171568627451 0.05735294117647058 0.13357843137254904
0 0.7738664215686276 0.5772058823529411 0.037438725490195994 0.08333333333333336
0 0.8328125 0.6017156862745098 0.09479166666666672 0.12990196078431368
1 0.8686581039550668 0.4381127450980392 0.04381130594934875 0.21446078431372548
1 0.9104779411764707 0.39828431372549017 0.05735294117647044 0.2034313725490196
1 0.7862132352941177 0.4264705882352942 0.12426470588235304 0.23774509803921565
