5 0.22267404651052203 0.578347349348187 0.08655612806124864 0.09511662424313037
2 0.2103088853589151 0.488557256062672 0.07468557335570601 0.10729155214625102
2 0.279553787807914 0.48551352408689186 0.10139432144317695 0.12707580998882206
1 0.3114559035790599 0.6053604706332361 0.12266239862394095 0.10957435112808611
1 0.35399205794058786 0.4976884519900125 0.06528805088048464 0.12403207801304199
1 0.4168070765907511 0.487796323068727 0.0870507345073129 0.17273178962552463
1 0.39529169618695503 0.6243837954818621 0.0736963604635774 0.1232711450190969
1 0.5078146528609804 0.4817088591171666 0.11870552744423005 0.2138221712985569
1 0.48357894680942864 0.6361782568880103 0.115737908379041 0.1651224596860743
1 0.6235525710456192 0.5026345164506553 0.11672712127116952 0.21306123830461196
1 0.5904139391593126 0.5973706741968131 0.09694286342859847 0.11794461406148173
2 0.7509656727921333 0.4900791220505619 0.13997366100718245 0.24273762506846847
2 0.8798106336063805 0.4588808692988154 0.12958688886884076 0.25795628494736955
2 0.9723020390204006 0.4653487997473482 0.04748221882217081 0.16892712465579954
1 0.8444462616814874 0.6148721330575493 0.07567480831043133 0.09055102627946005
1 0.7680295767958537 0.6160135325484667 0.06232041220409897 0.01978425784257105
1 0.9070139881399161 0.6000339396756208 0.03363323833237089 0.04717784562459265
1 0.9517758715087331 0.5726403518935992 0.047976825268235074 0.0943556912491853
1 0.9861510048018034 0.58633714578461 0.023741138827880304 0.051743443588262925
