0 0.04819240196078432 0.34068627450980393 0.016727941176470588 0.0906862745098039
0 0.07647058823529412 0.3651960784313726 0.038235294117647076 0.13480392156862753
0 0.11151961179114074 0.4050245098039216 0.03504902750385009 0.13602941176470584
1 0.14970399636025297 0.37546254311058247 0.062183771716144955 0.16634402983408308
0 0.3154240199219009 0.37580418845391 0.10566592256827757 0.17293931680569155
2 0.06857043911345671 0.44290464337451846 0.04361529569839542 0.0636416685844945
0 0.11151127147630994 0.48613947257594137 0.062050626869882136 0.0795520857306181
0 0.14950603937852042 0.4923652879809462 0.031025313434941085 0.09892128921285562
0 0.18772562839257823 0.5065463119590129 0.09037808696265444 0.1508030842545631
3 0.2976631520859564 0.5062004333254015 0.15647549384578974 0.1667135014006866
1 0.2187406735308302 0.36648152741531503 0.09467161979641656 0.20383000838824278
0 0.4357033147602594 0.3917146056000337 0.1483819338192835 0.23658098539018607
0 0.5732938352108683 0.38514294964409046 0.1438855115823356 0.22482118801274495
0 0.6890766922124629 0.37857121752280176 0.10386732247386804 0.17985688947791956
0 0.6814327900094667 0.5113886128295724 0.09127737141004395 0.10653061915230602
0 0.7673144547351731 0.5248778795404162 0.07958667359397921 0.14596078338400367
0 0.7810285303008669 0.3827217611261387 0.09442484246191189 0.19507554935682045
1 0.8486953917267005 0.4052038723108777 0.062500269093577 0.17916513221069644
0 0.8250891749827235 0.5200355786698568 0.05035992905381747 0.10860589095397437
1 0.8898376551947745 0.4055497509444891 0.044964222369479785 0.14803605518567195
1 0.9236595835409983 0.38763864885338734 0.05609230020109393 0.133153319655921
1 0.8822315507090153 0.5077109239096798 0.05939184727174663 0.09527686215848888
0 0.9284252134720181 0.45167721435966834 0.05076227017315808 0.09020067351512907
0 0.9592632842430967 0.34995743082759145 0.03731026302968687 0.08512440963340402
