3 0.13541666666666669 0.8431372549019608 0.1545343137254902 0.22058823529411767
2 0.16050857843137256 0.6335784313725489 0.13302696078431372 0.2181372549019608
1 0.142984068627451 0.4503676470588235 0.10912990196078434 0.15318627450980393
1 0.19037990196078433 0.32352941176470584 0.10355392156862747 0.1642156862745098
1 0.246139705882353 0.21200980392156862 0.09080882352941173 0.14705882352941171
0 0.3022977941176471 0.15441176470588236 0.0868259803921569 0.12990196078431374
0 0.3799632352941177 0.13174019607843138 0.07009803921568619 0.1286764705882353
0 0.44528186274509807 0.15747549019607843 0.07806372549019606 0.1090686274509804
0 0.5082107843137256 0.11887254901960784 0.08125000000000007 0.13235294117647062
0 0.5783088235294119 0.1556372549019608 0.08602941176470594 0.1372549019607843
1 0.626899509803922 0.26409309508879053 0.10196078431372553 0.16789224119496798
1 0.6818627450980392 0.38235294117647056 0.10355392156862749 0.1715686274509804
2 0.7212928921568627 0.5502450980392157 0.14258578431372557 0.23039215686274508
3 0.775061274509804 0.7481617647058824 0.14019607843137252 0.2291666666666668
0 0.8001639796238321 0.9662676377255573 0.09640639062021289 0.06488892501825742
