4 0.2560968137254902 0.8088235294117646 0.12028186274509807 0.18627450980392168
4 0.28477328431372556 0.6207107843137255 0.13143382352941177 0.21446078431372556
1 0.3292176174803971 0.47976454365291343 0.11257292173067572 0.13976665046183767
1 0.37233765475150377 0.3673435421944788 0.08821503808134828 0.1417922540917193
1 0.4246741885385724 0.27467217612739087 0.0783402203856749 0.13267703775725162
0 0.49325413824332814 0.23726233680086253 0.06479344443442045 0.09283382526129526
1 0.5595313958874426 0.24144741590388488 0.07072870953019421 0.09359486298259116
1 0.6240775297446323 0.2715042691647141 0.07715856881503382 0.12174934186761732
1 0.6839249232011071 0.35444601786839913 0.09793207632072708 0.14001167088588784
2 0.7242353485553459 0.46021570402676 0.10238353433530563 0.1293586089706573
3 0.7539117353192027 0.6082172080036439 0.12216779217787656 0.21077836601363156
5 0.7912545219970555 0.7820903604655132 0.13057610176096943 0.19327698046204092
