6 0.9007698887938409 0.22081268992509806 0.14884516680923865 0.24060968971148614
6 0.11420017108639863 0.24213253584890063 0.15825491873396064 0.25279245881080187
6 0.14414029084687766 0.4492396105372683 0.17365269461077845 0.26497522791011746
4 0.8592814371257482 0.4210669569951007 0.16852010265183975 0.27868084314684793
4 0.8438836612489308 0.6296968778208831 0.13088109495295128 0.24213253584890052
3 0.8092386655260907 0.7515245688140406 0.12489307100085555 0.1812186903523218
2 0.16552609067579127 0.6494938776072711 0.1685201026518392 0.18121869035232174
3 0.21514114627887082 0.5901028782481069 0.004277159965782751 0.001522846137414504
1 0.21428571428571427 0.7697987224630143 0.1343028229255774 0.21776699765026905
1 0.24935842600513258 0.8642151829827108 0.07613344739093245 0.21776699765026897
1 0.33276304533789564 0.9068548748303163 0.0855431993156544 0.12639622940540093
1 0.4234388366124893 0.9319818360976552 0.09580838323353291 0.103553537344184
1 0.5273738237810095 0.9258904515479973 0.10692899914456809 0.10964492189384174
1 0.6313088109495295 0.8817279135629777 0.09580838323353305 0.12791907554281537
1 0.7322497861420016 0.8162455296541554 0.08041060735671522 0.11878199871832862
