0 0.09957107843137254 0.4393382352941177 0.09240196078431373 0.2193627450980392
0 0.04261642156862745 0.43259803921568624 0.05814950980392157 0.15931372549019598
2 0.07925856009163809 0.5906862745098037 0.07567405628731222 0.1446078431372548
0 0.14816176470588235 0.6176470588235294 0.057352941176470565 0.13480392156862733
1 0.2007352941176471 0.44791666666666674 0.1465686274509804 0.2732843137254902
0 0.34929534313725497 0.4497549019607843 0.16488970588235294 0.269607843137255
0 0.22702205882352947 0.6207107843137255 0.07647058823529412 0.12377450980392161
0 0.30747548495615434 0.6360295804291516 0.08602941176470587 0.1323529411764706
0 0.3994791666666667 0.6035539215686275 0.09479166666666665 0.17524509803921554
1 0.5006433823529413 0.4399509803921569 0.13939950980392168 0.24019607843137258
0 0.6292892156862746 0.4258578431372549 0.11948529411764702 0.18259803921568632
0 0.5094056372549016 0.5931373561006281 0.11550245098039215 0.1544119671032171
0 0.6145526960784317 0.591911806871994 0.10275735294117648 0.1838236137439876
1 0.7463848039215688 0.39950980392156865 0.1194852941176471 0.1764705882352941
1 0.8348039215686276 0.41911764705882354 0.09558823529411754 0.15441176470588233
1 0.9100796568627453 0.42708333333333337 0.09479166666666672 0.13357843137254904
1 0.8248468294452624 0.5716913535682564 0.10116424712581945 0.19485329537180654
1 0.7248774509803922 0.5741421905956343 0.11151960784313726 0.20710791060303307
