1 0.45484067841462356 0.4393382352941177 0.13860295689624308 0.23897058823529413
4 0.5858762254901961 0.43995098039215685 0.12346813725490201 0.19362745098039214
4 0.7196997549019608 0.4215686274509804 0.14577205882352942 0.24754901960784312
2 0.8379901960784315 0.400735294117647 0.10674019607843135 0.22794117647058823
1 0.9045036764705883 0.35477941176470584 0.05974264705882348 0.22916666666666669
1 0.9351715686274511 0.28370098039215685 0.04620098039215691 0.2242647058823529
2 0.33216911764705886 0.44362745098039214 0.11629901960784317 0.20588235294117638
2 0.22463235294117653 0.4215686274509804 0.09877450980392158 0.16911764705882348
3 0.12346813725490197 0.40134803921568635 0.11470588235294121 0.12622549019607837
4 0.05177696078431373 0.4007352941176471 0.03186274509803922 0.0661764705882353
1 0.0868259672923465 0.47610304237513773 0.10514702214406042 0.10171582120606658
5 0.19914218044240373 0.5471817014446885 0.1465685802916632 0.1727947754383972
2 0.31265318627450955 0.5925246110025891 0.11390931372549007 0.1703433396522367
2 0.4185968137254902 0.6176470588235294 0.11709558823529413 0.20588235294117652
2 0.5424632352941177 0.6164216782593406 0.11948529411764701 0.24509825847946554
0 0.6511948529411765 0.6035539806011835 0.09797794117647066 0.22426482394746525
0 0.7404105392156863 0.6066176470588235 0.0708946078431373 0.18382352941176464
0 0.8121017052064264 0.587622549019608 0.0645220797832263 0.18504901960784317
0 0.8706495098039206 0.550857902169811 0.05257352941176461 0.17034325532001415
2 0.9200367647058825 0.5379901960784313 0.049387254901960775 0.17647058823529413
