3 0.3160821214713429 0.7079184462314848 0.11890504704875973 0.24054003119263323
1 0.364841745081266 0.7916507355706927 0.11035072711719415 0.21618154702122766
1 0.44311377245508987 0.8403677039135045 0.11976047904191617 0.18877825232839598
1 0.5363558597091532 0.8964764422715241 0.08896492728828073 0.20704711545695023
1 0.6099230111206159 0.8761442275402568 0.08725406330196747 0.21770395228194048
1 0.6886227544910178 0.844934919695643 0.097519247219846 0.22531597858550484
1 0.7523524379811805 0.8023075723956826 0.08639863130881081 0.2557640837997621
3 0.825491873396065 0.5396926649227125 0.1283147989734816 0.18116622602483154
6 0.7998289136013688 0.6827987594297223 0.11120615911035076 0.20247989967481175
6 0.16424294268605646 0.29686902583900965 0.14029084687767324 0.21313673649980186
5 0.2100085543199316 0.4255122703692472 0.1770744225834046 0.2755553521890295
3 0.26561163387510695 0.5617675412030491 0.14456800684345597 0.2131367364998018
4 0.10821214713430283 0.13321046031237616 0.1103507271171942 0.17812141550340585
5 0.878956372968349 0.11646400244453459 0.12232677502138571 0.1903006575891088
5 0.8682634730538922 0.2610925022122572 0.1385799828913602 0.20552471019623744
4 0.8541488451668093 0.4308406887817423 0.15312232677502124 0.22836078910693058
