3 0.15772058823529414 0.20526960784313722 0.1545343137254902 0.24387254901960784
3 0.20631127450980385 0.42892151802811723 0.1513480392156863 0.24509814041435377
2 0.8686580882352942 0.19424019607843135 0.1521446078431373 0.2389705882352941
2 0.7985600904736445 0.4087009803921571 0.1569241025159166 0.25857843137254904
4 0.24016544117647065 0.6286764705882354 0.1186887254901961 0.18627450980392163
4 0.3090686274509804 0.7450980392156862 0.10992647058823529 0.14460784313725483
0 0.3831495098039216 0.8247549019607844 0.08443627450980387 0.1323529411764706
0 0.4691789215686275 0.8449754901960784 0.08762254901960788 0.1360294117647058
0 0.5520220746155435 0.8400735462782093 0.08602943545272676 0.13848039215686267
0 0.6340686274509805 0.8112745098039216 0.08762254901960788 0.14460784313725483
0 0.6958026960784315 0.7383578431372549 0.10594362745098039 0.19240196078431368
0 0.7643075980392158 0.6084558823529411 0.11550245098039212 0.19240196078431382
