6 0.8575705731394353 0.15150927984837734 0.13943541488451672 0.2299286558503013
6 0.8378956372968349 0.3410862179501158 0.1668092386655262 0.24363301282151129
6 0.830196749358426 0.5139133864203753 0.13772455089820368 0.1751112279654612
4 0.8109495295124037 0.6524796624626099 0.13344739093242097 0.22688324319003242
5 0.20530367835757055 0.12410056590595729 0.1420017108639863 0.1842474659462679
4 0.2031650983746792 0.3250978014837041 0.16852010265183917 0.2512465444721834
0 0.21043627031650985 0.48650467247795526 0.14713430282292556 0.1659749899846544
0 0.2275449101796407 0.6730361979194249 0.1385799828913602 0.24363301282151098
0 0.2865697177074423 0.7803869941939038 0.10436270316509845 0.2634281951132593
0 0.3806672369546622 0.8580450170307569 0.10094097519247265 0.19338370392707593
0 0.48160821214713395 0.9067716195950609 0.10436270316509867 0.17206581530519313
0 0.5791274593669804 0.8999194411094567 0.10436270316509838 0.1979518229174789
0 0.6775021385799829 0.85804501703076 0.10607356715141136 0.1872928786065367
1 0.7519247219846023 0.8001821764856513 0.10265183917878531 0.2817006710748724
