1 0.1513480392156863 0.16727941176470587 0.17683823529411768 0.2928921568627451
0 0.18321073977437025 0.39031862745098045 0.14656871652969083 0.2095588235294118
0 0.24016544117647065 0.5735294117647058 0.12346813725490197 0.22549019607843135
1 0.29234066531481323 0.759804014334072 0.11151964976253045 0.20343155807990992
0 0.3946997549019607 0.7481616466407703 0.0947916666666666 0.18504925573806733
0 0.45484068627450985 0.8480392156862746 0.08762254901960788 0.1617647058823529
0 0.5372855392156863 0.8651960784313725 0.08045343137254911 0.15441176470588233
0 0.6041973039215687 0.7622549019607843 0.08682598039215676 0.18872549019607845
0 0.7021752450980392 0.7261029411764706 0.09957107843137251 0.20465686274509806
0 0.7479779411764708 0.5569852941176471 0.1242647058823529 0.23406862745098045
1 0.8029411764705884 0.38602941176470584 0.14178921568627445 0.19607843137254904
1 0.8383884279929155 0.17218137254901958 0.1744486342102472 0.28553921568627444
