3 0.1417892156862745 0.14767156862745096 0.16090686274509808 0.21691176470588233
3 0.17006739011677394 0.34865201981686966 0.15373776878606008 0.21691188277099413
1 0.19448057445452893 0.508625157509011 0.12132699897111993 0.15568689056115534
0 0.2382779941292973 0.6258088385765488 0.11751849158487239 0.16573120608123035
0 0.30030164246575775 0.7304371252439921 0.09902021050206841 0.16740525866790945
0 0.3566125863501746 0.8191620102580564 0.08977106996066614 0.12220603466772129
0 0.430061643590721 0.8434356748448311 0.07888972814725242 0.10211720778742489
0 0.5081352576192694 0.8505908066388908 0.07943382220331702 0.09625802373404783
0 0.588929234066567 0.8413835174121556 0.08433039905395923 0.12136881253423425
0 0.6629223462633549 0.7974396370118293 0.10282870440561838 0.17242741642794657
0 0.7344671808209807 0.6995075606911024 0.10772528395279962 0.17577552160130488
2 0.7853655327304065 0.5823238796235658 0.11915069285688445 0.17577552160130488
1 0.8253544409741164 0.4370998177291534 0.15777950213567385 0.23520438842841238
6 0.8773128616158671 0.2716150321886825 0.1409133953594888 0.20674549445486767
