2 0.16250000000000003 0.8541666666666665 0.16887254901960788 0.24754901960784323
1 0.17763480392156863 0.6574754901960784 0.15134803921568632 0.1629901960784315
1 0.21746323529411768 0.5122549019607843 0.13382352941176473 0.16666666666666663
1 0.2556985294117648 0.35416666666666663 0.10992647058823532 0.18137254901960784
1 0.3421262254901961 0.26348039215686275 0.10912990196078433 0.18137254901960792
1 0.44647671568627456 0.2132352941176471 0.11868872549019606 0.1936274509803922
1 0.5783088235294119 0.2236519607843137 0.12904411764705892 0.18995098039215683
1 0.6754901664684054 0.2830881172290056 0.10833327411328149 0.17892180475767494
1 0.7499693469530837 0.3860293274324832 0.11072300763165827 0.18137271768405352
1 0.7870098039215689 0.5502450980392157 0.13223039215686286 0.16911764705882348
1 0.8160845450055173 0.6991421568627447 0.140992619422799 0.15318627450980388
2 0.8356004901960786 0.8768382352941176 0.1593137254901963 0.23161764705882362
