1 0.46860986547085204 0.8778889272162815 0.11883408071748874 0.20351845463953083
0 0.5908071748878924 0.8580545015522596 0.12107623318385649 0.17764746464298042
0 0.35818385650224216 0.8408071748878925 0.09753363228699552 0.1604001379786132
0 0.6799327354260088 0.7795791652293894 0.10650224215246638 0.16212487064505
2 0.7539237668161434 0.672645739910314 0.10650224215246638 0.1862711279751639
2 0.27298206278026904 0.7399103139013454 0.10874439461883409 0.17937219730941706
2 0.22029149500919662 0.586409106588478 0.1334080413717417 0.15867540531217597
2 0.17600897704795912 0.45187995860641617 0.12780267370677217 0.15177647464643002
2 0.1406950672645739 0.2750948602966539 0.15582959641255592 0.23973784063470144
0 0.07791479820627802 0.11038289065194898 0.1132286995515695 0.20696791997240432
2 0.7846200980392156 0.5098039215686275 0.1306372549019609 0.16176470588235298
2 0.8029411764705884 0.3633578431372549 0.12745098039215705 0.1433823529411765
2 0.8073223039215688 0.18014709255641861 0.16170343137254903 0.22794110900481004
1 0.8531250000000001 0.04595588235294119 0.0732843137254902 0.08700980392156862
