4 0.18480973571527684 0.44291338582677164 0.17301336960579106 0.20341207349081358
5 0.8252541124094411 0.44750656167979 0.1543357899324387 0.2257217847769029
5 0.8734226073565078 0.2736220472440945 0.18972488826089573 0.2690288713910761
1 0.12926851194978142 0.26049868766404205 0.17792852215141014 0.24015748031496062
1 0.21823277302548647 0.6338582677165354 0.16318306451455292 0.19947506561679781
0 0.7972377428994123 0.6167979002624672 0.16908124756929596 0.20209973753280835
1 0.7456286411704122 0.765748031496063 0.13074305771346714 0.1640419947506561
1 0.2850788476459058 0.7480314960629921 0.14942063738681954 0.13385826771653542
1 0.6478171055125926 0.8110236220472441 0.10813335600361952 0.1601049868766404
1 0.5608189054551354 0.8412073490813649 0.08355759327552406 0.14960629921259838
1 0.4738207053976778 0.8398950131233593 0.08257456276640025 0.14960629921259821
1 0.3853479595765347 0.8064304461942257 0.08650668480289553 0.13517060367454065
