1 0.15453431372549023 0.38419117647058826 0.07009803921568628 0.11151960784313722
1 0.17604166666666668 0.49387254901960786 0.09399509803921567 0.11274509803921574
1 0.23936887254901965 0.4191176470588235 0.11390931372549026 0.13480392156862742
3 0.27760416666666676 0.5361520704162035 0.12346813725490198 0.11887276828338703
0 0.3305759803921569 0.46262254901960786 0.07965686274509799 0.11642156862745097
0 0.4185968137254902 0.44056372549019607 0.10275735294117645 0.16544117647058826
0 0.36801470588235297 0.5667892156862747 0.07647058823529412 0.09681372549019607
0 0.4524509803921569 0.5649509803921569 0.11151960784313729 0.1715686274509804
0 0.5161764705882353 0.4387254901960784 0.12267156862745104 0.19607843137254896
0 0.5575980392156863 0.5661764705882353 0.11470588235294109 0.17401960784313716
1 0.634466911764706 0.44669117647058826 0.11072303921568633 0.17769607843137258
0 0.6472120098039217 0.5508578431372549 0.05496323529411775 0.06495098039215684
0 0.7543504901960785 0.45588235294117646 0.12426470588235304 0.22058823529411767
0 0.8662683823529413 0.4411764705882353 0.1170955882352942 0.20588235294117638
0 0.938357843137255 0.43382352941176466 0.049387254901960775 0.14950980392156857
0 0.9710171568627453 0.44730392156862747 0.044607843137254834 0.16176470588235298
0 0.9291973039215687 0.5698529411764706 0.029473039215686326 0.09803921568627452
