0 0.43094362745098036 0.40134803921568635 0.10992647058823529 0.18995098039215683
0 0.33177083333333335 0.4105392156862745 0.09001225490196077 0.17647058823529405
0 0.26565566869444684 0.418504901960784 0.06452199594443961 0.16789215686274503
0 0.21825980392156868 0.4332107843137255 0.05257352941176471 0.1482843137254902
0 0.1840073529411765 0.4264705882352942 0.033455882352941196 0.13970588235294115
0 0.1593137254901961 0.3909313725490196 0.023897058823529438 0.13970588235294115
0 0.19954044117647063 0.5508578431372549 0.040625 0.1017156862745098
0 0.2533088235294118 0.5563725490196079 0.05894607843137258 0.11764705882352942
1 0.3158394607843138 0.5618872549019608 0.06452205882352939 0.13357843137254896
0 0.3755821078431372 0.5618872886348502 0.07567401960784315 0.14093144001479804
0 0.4504595457237192 0.5575980392156863 0.06930149678785619 0.14215686274509806
0 0.5396752450980392 0.4160539215686274 0.11072303921568626 0.19240196078431368
0 0.5086090686274511 0.5404411764705883 0.05018382352941181 0.0882352941176471
0 0.5731311274509805 0.5563725490196079 0.07886029411764703 0.15441176470588225
1 0.6324754901960783 0.4068627450980392 0.07806372549019606 0.18137254901960786
0 0.6452205882352942 0.5453431372549019 0.06850490196078425 0.14460784313725492
0 0.7013786424110815 0.40257352941176455 0.06292885344961373 0.1703431372549019
0 0.7543504901960785 0.4068627450980392 0.055759803921568644 0.15441176470588233
0 0.7017769607843138 0.5275735294117647 0.049387254901960775 0.096813725490196
0 0.7479779411764708 0.5183823529411765 0.0430147058823529 0.0784313725490196
1 0.7897977941176473 0.38357843137254904 0.029473039215686326 0.15931372549019612
1 0.8204656731746993 0.35845588235294124 0.03982840517292838 0.14828431372549022
0 0.853921568627451 0.3560049019607843 0.027083333333333286 0.09191176470588232
0 0.8328125 0.45098039215686275 0.05018382352941174 0.05637254901960787
0 0.7953737745098037 0.4950980813817976 0.05337009803921573 0.06862753531261515
