0 0.025490196078431376 0.4142156862745099 0.04301470588235294 0.22549019607843138
0 0.030667892156862747 0.5674019607843137 0.061335784313725494 0.10049019607843135
0 0.16210171568627452 0.5955882352941176 0.07567401960784315 0.05882352941176471
1 0.3568627450980392 0.6084558823529411 0.0748774509803922 0.0625
0 0.12824754901960783 0.4325980054827972 0.17683823529411766 0.29411771452460184
0 0.32420343137254903 0.4362745098039216 0.17683823529411766 0.30147058823529416
0 0.4751531862745098 0.4264705882352942 0.1282475490196078 0.23774509803921565
0 0.4875 0.5931372549019608 0.12426470588235297 0.15196078431372542
0 0.6006127450980393 0.4405637254901961 0.1242647058823529 0.28063725490196084
0 0.6105698292531562 0.6072303921568626 0.12506127450980395 0.23651970904180528
1 0.7017769607843138 0.44240196078431365 0.09558823529411768 0.19852941176470587
0 0.71890318627451 0.5863970588235293 0.0788602941176471 0.16053921568627444
0 0.7843789842511384 0.45790468176925275 0.07901146177647306 0.14861628580951192
0 0.8587837706943546 0.42203919082967395 0.09325027644290472 0.13100568546792232
1 0.8022472903171541 0.5453134405134885 0.10134683657539346 0.13530104842929488
1 0.9186154024457883 0.39111325852249235 0.05444252666576773 0.09234827008394518
