0 0.03385416666666667 0.3131127450980392 0.026286764705882357 0.08946078431372548
0 0.060539227530284914 0.3664215686274511 0.03504904329586396 0.12009803921568629
0 0.05536151960784315 0.4227941176470588 0.056556372549019615 0.06372549019607845
0 0.0939950980392157 0.3756127450980392 0.04142156862745097 0.16299019607843135
0 0.10275735294117647 0.5085785241379941 0.07169117647058822 0.12990214631520414
0 0.14019607843137258 0.3848039215686274 0.05894607843137255 0.20343137254901958
0 0.14736519607843138 0.5484068627450981 0.06531862745098041 0.13357843137254904
0 0.21547181372549024 0.3719362745098039 0.10435049019607845 0.26102941176470584
0 0.20670955882352945 0.5631127450980392 0.09160539215686278 0.17524509803921576
0 0.2831801470588236 0.5790441176470589 0.11550245098039219 0.22916666666666663
0 0.32738970588235294 0.39460784313725483 0.11789215686274514 0.21078431372549017
1 0.45284924101786145 0.37867647058823506 0.13939946242787998 0.25490196078431354
0 0.367218137254902 0.5453431372549019 0.10674019607843135 0.12745098039215677
0 0.46161151960784325 0.5361519607843137 0.08045343137254904 0.08210784313725483
0 0.5950367568098754 0.3700980392156862 0.14656861165896645 0.27450980392156854
0 0.549234068627451 0.5569852941176471 0.0852328431372549 0.1409313725490196
0 0.6472120098039217 0.5324754901960784 0.09957107843137265 0.16053921568627458
0 0.7240808823529412 0.36151960784313725 0.11789215686274516 0.22058823529411764
0 0.7519607843137257 0.5661764705882352 0.10196078431372556 0.24999999999999992
1 0.8256433823529412 0.3431372549019608 0.10594362745098024 0.22549019607843135
0 0.8985294117647059 0.3627450980392157 0.08125 0.196078431372549
1 0.8363970588235295 0.5582107843137254 0.08602941176470594 0.21936274509803916
