6 0.9190547127555001 0.13648293963254593 0.143663798781909 0.19947506561679793
6 0.890518752723477 0.3064304461942257 0.17711975192290155 0.21916010498687663
5 0.08117988629799652 0.20800524934383202 0.13480781118576393 0.17191601049868765
3 0.11611183737167988 0.36220472440944873 0.15743977948702356 0.20734908136482944
3 0.8496828099190304 0.4409448818897638 0.1603917753524054 0.17322834645669288
3 0.1426798001601151 0.5026246719160105 0.1751517546793137 0.15223097112860892
2 0.18007174778828322 0.6272965879265092 0.1790877491664893 0.15223097112860898
2 0.7852309001915302 0.5826771653543308 0.13579180980755795 0.19422572178477693
2 0.21451169955106975 0.717847769028871 0.08462388147427506 0.17322834645669283
2 0.2991355810253448 0.7637795275590551 0.09249587044862637 0.11023622047244089
2 0.39163145147397116 0.7965879265091863 0.08659187871786295 0.10236220472440934
2 0.5023312964257847 0.7900262467191601 0.09938386080118355 0.10761154855643042
2 0.6115551434449067 0.7342519685039369 0.09938386080118346 0.13254593175853083
1 0.7173349952877512 0.6738845144356955 0.11807983461526775 0.1482939632545932
