1 0.7937806372549021 0.3180147058823529 0.11550245098039227 0.23897058823529413
1 0.8774203247975204 0.3216911764705884 0.07248770841857022 0.22181372549019612
2 0.1915747575219229 0.38664215686274517 0.1043504849561543 0.22181372549019612
2 0.11191789215686278 0.375 0.07248774509803925 0.2132352941176471
2 0.06492035361710322 0.3412990196078431 0.05655635158932307 0.17524509803921562
2 0.027879901960784322 0.29411764705882354 0.03345588235294119 0.09558823529411768
1 0.05058210784313724 0.4105392494191637 0.03743872549019607 0.05637261648538608
2 0.07806372549019606 0.489583442965223 0.05416666666666663 0.1311276702441714
2 0.13103554707557247 0.5306373476674058 0.07248772937826677 0.14215704827598835
2 0.18121936274509806 0.5606617647058824 0.08841911764705884 0.1948529411764706
2 0.2764093137254902 0.5931373139345169 0.09877450980392162 0.21323541218275918
2 0.7551470326239089 0.5490196078431372 0.08284308485566032 0.2401960784313725
2 0.8296262254901962 0.5128676470588235 0.08841911764705884 0.17524509803921567
1 0.876623756170069 0.48223046805586345 0.05655633586955057 0.1139707400332952
6 0.9268076058991019 0.43198529411764697 0.05337011375898786 0.11151960784313722
2 0.9248161869504367 0.3223039215686274 0.04142158958714785 0.14215686274509803
2 0.9614583516730678 0.28982843137254893 0.0350490562873119 0.11642156862745097
1 0.9650428921568627 0.3560049019607843 0.03584558823529406 0.06985294117647058
4 0.2895526960784314 0.400735294117647 0.10753676470588236 0.20343137254901958
4 0.37080270131835547 0.5962010056918235 0.10116422616612285 0.1997549525601179
4 0.46758576073406716 0.6151960784313726 0.09399505087989837 0.19117647058823523
4 0.5639705882352942 0.5992647058823529 0.09558823529411761 0.1715686274509804
4 0.6627450980392158 0.5753676470588236 0.09558823529411768 0.19240196078431368
4 0.6985906862745099 0.3743872549019608 0.10196078431372556 0.24142156862745104
4 0.570343137254902 0.4007352941176471 0.14975490196078434 0.2622549019607843
4 0.41819852941176466 0.3995097533222349 0.1497549019607843 0.2622550031594517
