3 0.7539370078740152 0.588532202705431 0.12992125984251962 0.1473854229759741
0 0.06692913385826771 0.4209569957601454 0.055118110236220465 0.18372703412073485
0 0.10629921259842519 0.4128810821724207 0.04724409448818895 0.19584090450232175
0 0.09251968503937008 0.5804562891177063 0.032808398950131254 0.14334746618211192
0 0.1272965879265092 0.5632949727437917 0.03937007874015748 0.1292146174035939
0 0.17956210838476794 0.39635054055347213 0.11921363459784036 0.22753325284723724
0 0.1692541625360825 0.5797561322424573 0.04840252833295773 0.139277930530733
0 0.22213840645542526 0.5832036057704457 0.08425625302403755 0.16272075052105436
0 0.29967208609988527 0.3956610458478743 0.12996975200516434 0.23442819990321412
0 0.2933976842789463 0.5735506798920781 0.06901842003032858 0.1323829834747562
0 0.4099222895249557 0.41496689760460975 0.09411602731408443 0.17375266581061752
0 0.3695868492474909 0.5804456269480549 0.08156722367220659 0.16823670816583586
0 0.5147944342463637 0.41979336054379296 0.11562826212873345 0.20546942226811088
0 0.6214592652023266 0.45909455876286176 0.10128677225230043 0.15720479287627298
0 0.4614620187683829 0.5763086587144685 0.10039042913502366 0.22063830579126026
0 0.5623006194620447 0.5776876481256634 0.10307945848685464 0.17926862345539876
0 0.6501422449551899 0.5859615845928354 0.0761891649685452 0.1296250046523653
0 0.7061636897850027 0.47426344228601097 0.08784162549314545 0.14341489876431923
3 0.8002797170990849 0.4535786011180785 0.10756117407323876 0.1489308564090993
2 0.8854323132404016 0.4259988128941727 0.0842562530240376 0.1406569199419284
2 0.8652645931016658 0.5535553334297445 0.10128677225229996 0.11445612112921703
