1 0.12028187584490845 0.15931372549019607 0.18161762085920288 0.2696078431372549
1 0.15294116075081582 0.3756127619644839 0.13860297261601548 0.20955885726230108
1 0.21467528439747036 0.5422794033314835 0.14099272565768578 0.21691178157232682
0 0.2676470588235294 0.6973039215686273 0.11470588235294116 0.18137254901960786
0 0.3747855392156863 0.7285539215686276 0.10435049019607845 0.1556372549019608
0 0.4381127712976602 0.8339460784313721 0.09399515043845694 0.12377450980392161
0 0.5217524509803922 0.7959558570532745 0.08921568627450982 0.13357848197188307
0 0.5842830882352942 0.6966911764705884 0.10275735294117652 0.1752450980392158
0 0.6926164503882103 0.6764705882352939 0.11868878312936174 0.20588235294117646
1 0.754748774509804 0.5330882352941176 0.13939950980392155 0.21568627450980393
1 0.8097119888442253 0.3596813725490196 0.14895837525272682 0.18995098039215683
3 0.8810048705212395 0.17585784313725486 0.17683829817320743 0.28553921568627444
