0 0.14935661764705885 0.14705889942841238 0.17285539215686277 0.25245082859415585
4 0.1919730392156863 0.2959558823529412 0.15772058823529414 0.21936274509803919
3 0.21746321555410028 0.49387256588605205 0.14656866693101508 0.16911768079171266
2 0.2624693627450981 0.6366421568627451 0.08363970588235298 0.16053921568627444
2 0.35367647058823537 0.7395833333333335 0.12426470588235297 0.16299019607843135
2 0.4755514705882354 0.8388480392156863 0.12585784313725498 0.1875
1 0.6093750276360244 0.8069853109840912 0.13223043163689746 0.1924019607843138
1 0.8344056372549019 0.176470613534961 0.17604166666666668 0.2279411258712546
1 0.8180759803921572 0.33578433902515703 0.1449754901960784 0.12500005059933383
0 0.8152879901960783 0.4828432300203471 0.14099264705882356 0.17401979337402784
1 0.7232843137254903 0.7279414294672566 0.129044117647059 0.1544122706992199
0 0.7921875197400178 0.6311274509803921 0.0740809218329755 0.12499999999999996
