0 0.16289828431372552 0.09191176470588236 0.11231617647058827 0.10294117647058823
1 0.20033704336195107 0.21568627450980388 0.1521446749591962 0.22058823529411759
3 0.22662379227581958 0.41237745098039214 0.1441789571006587 0.2340686274509804
0 0.25689338235294124 0.5649509803921569 0.10912990196078436 0.1568627450980393
0 0.285968137254902 0.6991421568627451 0.10514705882352943 0.1507352941176471
0 0.35327818627450985 0.7352941176470589 0.09638480392156869 0.13235294117647073
0 0.389920343137255 0.8045343137254902 0.09001225490196077 0.08455882352941188
0 0.44010416666666674 0.8553921568627451 0.0708946078431373 0.07598039215686285
0 0.512591911764706 0.8529411764705883 0.07408088235294116 0.08333333333333343
0 0.5834865196078434 0.838235294117647 0.07886029411764717 0.08088235294117638
0 0.6292892156862745 0.7665441176470589 0.09240196078431367 0.16544117647058812
0 0.7001838235294119 0.7236519607843138 0.09877450980392155 0.16789215686274517
0 0.7424019607843139 0.5974264705882354 0.10992647058823536 0.1727941176470589
3 0.77625612745098 0.4460785410044387 0.15214460784313708 0.2328431203884573
1 0.8061274509803918 0.24754907020717687 0.1513480392156863 0.2156861733111366
