1 0.10076593137254904 0.8590686274509803 0.15851715686274512 0.21568627450980388
0 0.14895833333333336 0.5196078431372549 0.11789215686274511 0.13725490196078433
1 0.11749387254901958 0.6874999578338887 0.15692401960784308 0.23774518237143874
0 0.19954042021677396 0.4062499662671105 0.126654453684099 0.17524516550499392
0 0.25291053921568635 0.2689950980392157 0.10435049019607842 0.15808823529411767
0 0.7348345588235295 0.27512254901960786 0.10275735294117638 0.16053921568627452
1 0.32022058823529415 0.18504901960784312 0.10355392156862746 0.13480392156862744
1 0.41899509803921575 0.1323529411764706 0.12904411764705884 0.1397058823529412
1 0.5595894607843138 0.1329656862745098 0.12665441176470593 0.14338235294117646
1 0.6695159313725492 0.17708333333333331 0.08523284313725504 0.1556372549019608
0 0.7957720955029989 0.4062499999999997 0.12267156862745102 0.16789215686274506
0 0.8427696078431373 0.5349264705882354 0.1242647058823529 0.16299019607843143
1 0.8790134803921571 0.6979166666666665 0.15055147058823523 0.24142156862745096
1 0.8901654280766595 0.8756128209970396 0.14099267325844395 0.19240211258231446
