2 0.12545454545454543 0.3909090909090909 0.10727272727272723 0.1412587412587412
2 0.1931819187273089 0.49230760527057066 0.07545450236362072 0.10629353221946544
2 0.08636369022729216 0.47272727272727266 0.09818192590912973 0.07832167832167831
1 0.16772727272727253 0.5363638394502506 0.0954545454545454 0.06853187470469722
2 0.26 0.47132867132867134 0.07636363636363633 0.2097902097902098
1 0.3413636363636363 0.4930069930069929 0.10272727272727276 0.17762237762237754
1 0.4518181818181819 0.4951048951048951 0.12727272727272726 0.2293706293706294
1 0.563181843318191 0.49230769230769217 0.10090914118183628 0.19020979020978995
2 0.4095454940454687 0.6545454545454544 0.1136364570000335 0.18461538461538451
2 0.509090909090909 0.6174825174825174 0.08363636363636368 0.11048951048951054
2 0.5886363636363636 0.6055944055944055 0.07363636363636374 0.07832167832167833
1 0.6654545454545456 0.4755243884873549 0.13272727272727272 0.24615402022808702
1 0.7836363636363637 0.45874125874125865 0.1163636363636364 0.22937062937062933
2 0.6595454545454545 0.6048951048951048 0.057272727272727406 0.054545454545454605
2 0.7218181818181819 0.5993006993006992 0.0563636363636364 0.0657342657342658
2 0.7772727200909064 0.5888111888111884 0.047272712909085725 0.039160839160839206
2 0.8399999999999999 0.606993006993007 0.0763636363636364 0.10349650349650354
1 0.8795454545454549 0.4601397876089263 0.07727272727272731 0.22377636883809104
0 0.9472727272727272 0.44895104895104887 0.0690909090909092 0.20139860139860133
