2 0.20511645315265525 0.27389705882352927 0.15373780826609465 0.2389705882352939
1 0.2266237745098039 0.4466912523695889 0.13143382352941166 0.148284465523491
2 0.24852939992069548 0.591299129239733 0.12904409395903804 0.1507355133814261
0 0.2891544117647059 0.7352941176470589 0.10833333333333335 0.1715686274509804
1 0.35367647058823537 0.8388480392156862 0.09877450980392158 0.12867647058823523
1 0.4428921568627452 0.8927696078431373 0.12107843137254903 0.17524509803921562
1 0.55799632155541 0.8903187033499812 0.11709564745534597 0.17034308665556788
1 0.6474989319544499 0.8365706162254534 0.10174054595542209 0.13903006732369888
1 0.721709683121934 0.7550861065688484 0.10174054595542188 0.16757266392657727
1 0.7704852978005629 0.6105316657091087 0.11909628614781752 0.15652391685449538
1 0.7971173818888938 0.4774863363827876 0.12089170754703077 0.15192027224112792
3 0.8258441242763069 0.3011667857068404 0.1663757163271019 0.25412110662583
