3 0.45058333333333334 0.3595 0.15983333333333333 0.26
1 0.31275 0.37425 0.1295 0.2125
2 0.20558333333333334 0.340125 0.09683333333333333 0.23975
2 0.12758333333333333 0.318625 0.07883333333333334 0.19425
1 0.6045 0.347 0.15533333333333332 0.265
1 0.7385833333333334 0.362875 0.10983333333333334 0.21025
2 0.8396666666666667 0.341875 0.088 0.23425
2 0.9059166666666667 0.339625 0.050833333333333335 0.18175
1 0.9040833333333333 0.492375 0.0425 0.13525
2 0.8408333333333333 0.52375 0.084 0.175
2 0.7673333333333333 0.54475 0.09766666666666667 0.192
0 0.6718333333333333 0.562375 0.08566666666666667 0.19325
0 0.5680833333333334 0.569125 0.0855 0.20225
0 0.4741666666666667 0.584 0.08866666666666667 0.1955
0 0.37983333333333336 0.55725 0.1 0.1715
2 0.28708333333333336 0.545875 0.0765 0.17175
2 0.19116666666666668 0.52875 0.103 0.1785
1 0.12258333333333334 0.475375 0.043166666666666666 0.10575
2 0.07416666666666667 0.42875 0.052333333333333336 0.1285
0 0.03475 0.298125 0.04783333333333333 0.20325
