0 0.5540833333333334 0.513 0.11516666666666667 0.258
0 0.42 0.485625 0.11966666666666667 0.23275
2 0.2976666666666667 0.459 0.125 0.234
2 0.2075 0.473125 0.08266666666666667 0.17825
0 0.14991666666666667 0.485125 0.04783333333333333 0.12275
0 0.10516666666666667 0.476 0.075 0.141
0 0.04275 0.464125 0.0545 0.11925
2 0.0605 0.5805 0.05366666666666667 0.1045
2 0.12716666666666668 0.593625 0.06433333333333334 0.11025
2 0.19458333333333333 0.61075 0.0765 0.1375
2 0.2733333333333333 0.59075 0.075 0.107
2 0.34725 0.58225 0.06983333333333333 0.1465
0 0.6581666666666667 0.472 0.075 0.19
2 0.71125 0.549875 0.06283333333333334 0.16825
2 0.7548333333333334 0.439125 0.11666666666666667 0.21475
2 0.8400833333333333 0.42425 0.05683333333333333 0.176
2 0.8930833333333333 0.4135 0.05383333333333333 0.116
0 0.93925 0.393 0.04616666666666667 0.1205
2 0.8025833333333333 0.5845 0.1015 0.1285
2 0.8756666666666667 0.54475 0.06133333333333333 0.1445
2 0.9275833333333333 0.518 0.06516666666666666 0.109
0 0.976 0.483375 0.047 0.09675
