3 0.13780431786862654 0.1699965552876335 0.1864951768488746 0.26834309335170514
3 0.18006430868167203 0.38856355494316225 0.13642627468994029 0.1818808129521185
2 0.22140560404225998 0.5587323458491216 0.11254019292604502 0.14743368928694453
1 0.29134129536058795 0.690492593868412 0.100367478180983 0.15742335514984498
1 0.364951768488746 0.7578367206338271 0.09416628387689481 0.09162934894936273
0 0.45785484611851174 0.7733379262831553 0.08474965548920532 0.12469858766792973
0 0.5436380339917317 0.754047537030658 0.0840606338998622 0.099207716155701
0 0.63194763435921 0.7378573889080262 0.0953146531924667 0.10540819841543231
0 0.7273771244832338 0.6668963141577678 0.09278824069820854 0.13572166724078538
2 0.8168350941662839 0.583362039269721 0.09761139182361048 0.1408887357905615
3 0.8174092788240698 0.39769204271443337 0.15939366100137806 0.24560799173269032
3 0.8763206247129077 0.16947984843265587 0.18810289389067525 0.2542197726489838
