2 0.2604166666666667 0.52225 0.0535 0.086
1 0.30133333333333334 0.536875 0.04133333333333333 0.08475
1 0.32966666666666666 0.523375 0.05433333333333333 0.10325
1 0.3774166666666667 0.52325 0.0515 0.1185
0 0.43475 0.517875 0.0645 0.11625
0 0.5151666666666667 0.487 0.09633333333333334 0.15
0 0.6235 0.464625 0.09133333333333334 0.15325
0 0.7096666666666667 0.486375 0.06966666666666667 0.13175
1 0.7615 0.51625 0.04133333333333333 0.1175
1 0.7973333333333333 0.525625 0.03766666666666667 0.10325
1 0.8201666666666667 0.54075 0.029666666666666668 0.088
3 0.8455 0.541875 0.034 0.07725
2 0.2945 0.59725 0.058 0.0575
1 0.33791666666666664 0.6075 0.0305 0.076
1 0.373 0.610875 0.05 0.08275
1 0.4255833333333333 0.599375 0.05216666666666667 0.05975
1 0.4865 0.58475 0.055 0.0805
0 0.5499166666666667 0.55425 0.06583333333333333 0.1065
0 0.6136666666666667 0.573875 0.06 0.07625
0 0.672 0.56675 0.050666666666666665 0.0685
1 0.7235 0.60425 0.042 0.113
1 0.7618333333333334 0.605875 0.034666666666666665 0.07275
2 0.8078333333333333 0.610875 0.05733333333333333 0.07375
