2 0.22125 0.494 0.050833333333333335 0.075
2 0.25316666666666665 0.504375 0.03766666666666667 0.07825
1 0.2785 0.4875 0.04933333333333333 0.0945
1 0.32058333333333333 0.488 0.05216666666666667 0.111
1 0.37383333333333335 0.481 0.06166666666666667 0.114
0 0.45025 0.45 0.09116666666666666 0.1325
0 0.5516666666666666 0.4375 0.087 0.1295
0 0.63025 0.458125 0.06883333333333333 0.11625
1 0.6796666666666666 0.4875 0.04133333333333333 0.112
1 0.7155 0.494 0.04633333333333333 0.0945
1 0.7415833333333334 0.51575 0.0275 0.0795
2 0.7684166666666666 0.513 0.036166666666666666 0.0695
2 0.21658333333333332 0.555375 0.03983333333333333 0.05875
2 0.25316666666666665 0.570125 0.05366666666666667 0.07075
1 0.28833333333333333 0.570125 0.03266666666666666 0.07725
1 0.31908333333333333 0.573375 0.04783333333333333 0.07925
2 0.3636666666666667 0.55925 0.047 0.062
2 0.4205 0.551 0.055 0.076
0 0.48291666666666666 0.519 0.0565 0.112
0 0.5405 0.534125 0.05433333333333333 0.08375
0 0.597 0.532125 0.051333333333333335 0.08375
1 0.6459166666666667 0.57125 0.044833333333333336 0.1055
0 0.68575 0.577125 0.034833333333333334 0.07175
2 0.7295833333333334 0.587 0.06016666666666667 0.0695
