1 0.19883333333333333 0.523875 0.08266666666666667 0.16075
1 0.2911666666666667 0.47275 0.105 0.1695
0 0.4013333333333333 0.48475 0.092 0.1455
1 0.497 0.5 0.092 0.1325
0 0.5955833333333334 0.4885 0.07616666666666666 0.125
1 0.6788333333333333 0.493875 0.08333333333333333 0.09675
3 0.768 0.4705 0.09066666666666667 0.1
2 0.21766666666666667 0.640625 0.036333333333333336 0.09025
1 0.26008333333333333 0.625 0.052833333333333336 0.1
1 0.32308333333333333 0.594 0.0645 0.138
1 0.3934166666666667 0.59725 0.07316666666666667 0.0965
1 0.47675 0.617375 0.0805 0.15225
1 0.5636666666666666 0.598375 0.08466666666666667 0.11425
0 0.62275 0.591875 0.05516666666666667 0.09025
2 0.722 0.573375 0.13766666666666666 0.09875
