1 0.2564166666666667 0.626625 0.09483333333333334 0.16425
1 0.35641666666666666 0.604375 0.1095 0.15875
0 0.4615 0.573875 0.089 0.11975
1 0.5578333333333333 0.567875 0.08633333333333333 0.12725
1 0.6498333333333334 0.575 0.08766666666666667 0.1195
2 0.7281666666666666 0.563 0.076 0.1065
2 0.82275 0.583625 0.1145 0.09775
2 0.5951666666666666 0.463 0.087 0.126
0 0.67525 0.474375 0.07883333333333334 0.08575
2 0.7764166666666666 0.486875 0.1145 0.09775
2 0.5078333333333334 0.495125 0.079 0.10325
2 0.42525 0.5065 0.0645 0.1435
2 0.36183333333333334 0.506 0.058 0.099
2 0.3045833333333333 0.503875 0.0435 0.10325
