2 0.23716666666666666 0.376125 0.113 0.15875
2 0.2738333333333333 0.501625 0.105 0.09025
2 0.2965833333333333 0.60875 0.10583333333333333 0.1065
2 0.32925 0.701 0.07816666666666666 0.0935
1 0.37775 0.786875 0.07383333333333333 0.09575
1 0.4513333333333333 0.844 0.089 0.1075
1 0.5545833333333333 0.845625 0.0855 0.12175
1 0.6291666666666667 0.78525 0.071 0.0945
1 0.6788333333333333 0.694 0.07033333333333333 0.114
2 0.6915833333333333 0.592375 0.09283333333333334 0.10425
2 0.72025 0.4805 0.0935 0.1065
2 0.731 0.352125 0.11666666666666667 0.15875
2 0.20133333333333334 0.180375 0.05 0.06525
0 0.23466666666666666 0.189 0.04133333333333333 0.0935
1 0.25816666666666666 0.173375 0.05366666666666667 0.09675
1 0.30425 0.171125 0.05583333333333333 0.11625
0 0.3636666666666667 0.1695 0.07033333333333333 0.1175
0 0.44625 0.13425 0.09783333333333333 0.1425
0 0.5556666666666666 0.10925 0.095 0.1555
0 0.6393333333333333 0.13425 0.071 0.1315
1 0.69375 0.1615 0.04783333333333333 0.125
1 0.7314166666666667 0.167375 0.04783333333333333 0.10225
1 0.755 0.179875 0.03266666666666666 0.08825
