3 0.3476666666666667 0.61625 0.07466666666666667 0.148
3 0.3709166666666667 0.47325 0.09483333333333334 0.1555
2 0.4115 0.362375 0.08466666666666667 0.11625
3 0.4375833333333333 0.264125 0.07183333333333333 0.10225
2 0.4795833333333333 0.214625 0.06316666666666666 0.09025
4 0.5270833333333333 0.177125 0.0565 0.08925
3 0.5781666666666667 0.16575 0.05 0.077
2 0.6318333333333334 0.176625 0.04566666666666667 0.08375
3 0.6785 0.2135 0.045 0.088
2 0.7209166666666667 0.25425 0.0515 0.087
2 0.7314166666666667 0.339125 0.0855 0.09575
2 0.71975 0.426125 0.08116666666666666 0.10425
3 0.7655 0.52875 0.1 0.1575
2 0.8049166666666666 0.660375 0.06883333333333333 0.09675
2 0.3495 0.78475 0.06966666666666667 0.0825
1 0.38033333333333336 0.827125 0.044333333333333336 0.07375
1 0.40308333333333335 0.856 0.04783333333333333 0.088
1 0.45275 0.85425 0.052833333333333336 0.1195
1 0.5081666666666667 0.85875 0.058 0.113
0 0.5690833333333334 0.851625 0.0595 0.10125
0 0.6274166666666666 0.846625 0.05583333333333333 0.10225
0 0.6785 0.84125 0.045 0.1065
1 0.7241666666666666 0.856 0.042 0.0945
2 0.7821666666666667 0.817875 0.08833333333333333 0.11425
1 0.8103333333333333 0.748875 0.06233333333333333 0.08475
