2 0.4318243061169496 0.061972336985809236 0.13177041228779304 0.05388898868331238
1 0.46348693074642955 0.1063409376684031 0.15683104284559418 0.06430752649541943
1 0.44758825114524387 0.1486437937848033 0.16329830234438156 0.08352793245913419
2 0.4223928860145513 0.22417819292257948 0.20452708164915118 0.09735943955451769
1 0.42710859606575047 0.3134542841746003 0.18539477229857182 0.09197054068618646
1 0.4175424413904608 0.4302137596551105 0.2298571813527351 0.14585952936949884
1 0.4112099164645648 0.5728399497036105 0.2360549717057397 0.14585952936949884
1 0.42616545405551065 0.6885216454104545 0.17758016707087038 0.08765942159152147
1 0.42064133656696306 0.7742051374169211 0.18216114254917812 0.09197054068618646
1 0.4373484236054972 0.8528830608945572 0.16491511721907842 0.07185198491108317
1 0.43263271355429805 0.9178192922579487 0.12045270816491511 0.08137237291180169
2 0.5777418485583401 0.10840668223459674 0.10940447318782 0.06448715645769715
2 0.5935057935866344 0.19983833303395007 0.1506332524925896 0.08029459313813544
2 0.5998383185125303 0.28435423028561163 0.1950956615467529 0.08873720136518772
2 0.5990299110751819 0.37578588108496497 0.18701158717326866 0.09628165978085144
1 0.5990299110751819 0.4634453026764864 0.15198059822150364 0.07508532423208192
0 0.6069792508757748 0.5396084066822346 0.1678792778226893 0.08981498113885396
1 0.5918889787119375 0.6294233878210885 0.16949609269738614 0.0772408837794144
1 0.5816491511721907 0.7049577869588647 0.14901643761789274 0.07813903359080294
1 0.5855564537860415 0.7852523800970002 0.17569388305039074 0.08245015268546793
0 0.5807060091619509 0.8390515537991737 0.13150094314201025 0.03592599245554159
2 0.5657504715710051 0.8871923836895994 0.12368633791430882 0.060355667325309864
