1 0.05860033726812816 0.4372431236168195 0.050168634064080946 0.18210559595320897
1 0.10476391231028667 0.42317420170723996 0.04215851602023609 0.16661397407524503
1 0.17927908937605397 0.40467910211824215 0.10687183811129848 0.21055959532089788
0 0.2981661045531197 0.40246601327853304 0.12921585160202362 0.2320581726209295
1 0.40577571669477236 0.41495415744546316 0.0872681281618887 0.1723047739487828
1 0.515177065767285 0.4220676572873854 0.11551433389544688 0.2061334176414796
1 0.6190978077571669 0.4612709453050901 0.09359190556492411 0.16250395194435663
1 0.7012015177065767 0.47549794498893455 0.0819983136593592 0.138476130256086
3 0.7942664418212478 0.45858362314258616 0.10413153456998314 0.15017388555169142
3 0.8825885328836425 0.4323427126146064 0.06239460370994941 0.13499841922225736
1 0.09137858347386173 0.5866266202971863 0.036888701517706575 0.14954157445463168
1 0.1259485666104553 0.5654441985456845 0.040682967959527826 0.1331014859310781
0 0.16884485666104554 0.5839392981346823 0.03920741989881956 0.14416693012962378
0 0.2208052276559865 0.5855200758773317 0.08494940978077571 0.16250395194435663
1 0.2919477234401349 0.5686057540309832 0.06913996627318718 0.11982295289282327
1 0.36656829679595276 0.5735061650331963 0.0872681281618887 0.18210559595320897
2 0.4598440134907251 0.5790388871324692 0.09675379426644182 0.2171988618400253
2 0.5635539629005059 0.5839392981346823 0.10181281618887016 0.18337021814732848
2 0.6514544688026982 0.5915270312993993 0.0786256323777403 0.13278533038254822
3 0.756429173693086 0.589788175782485 0.1271079258010118 0.1166613974075245
3 0.8665682967959528 0.5599114764464116 0.10033726812816189 0.11571293076193487
