5 0.1547594677584442 0.8742708013509365 0.16294779938587514 0.20478968375805956
5 0.16867963152507676 0.683451028553884 0.1572159672466735 0.22720294749769726
4 0.19754350051177072 0.5107460853546208 0.1301944728761515 0.14706785385323917
3 0.23705220061412488 0.3725821307952103 0.12732855680655067 0.14276941971139084
1 0.27840327533265097 0.23395762972060177 0.09129989764585465 0.15474362910653977
1 0.3547594677584442 0.15274792754068162 0.0790174002047083 0.12803193122505374
1 0.4465711361310133 0.11482959778937672 0.11484135107471853 0.12281240405280934
1 0.5649948822927329 0.1105311636475284 0.11914022517911975 0.144918636782315
1 0.6592630501535313 0.16149831132944428 0.0796315250767656 0.13509364445809027
1 0.72978505629478 0.24547129260055264 0.08761514841351074 0.16241940435984034
3 0.7744114636642784 0.38854774332207553 0.1330603889457523 0.16119128031931226
3 0.8018423746161719 0.5354620816702487 0.1338792221084954 0.1326373963770341
4 0.8211873080859775 0.7015658581516733 0.15660184237461616 0.223518575376113
4 0.8291709314227226 0.8983727356463003 0.15209825997952917 0.18114829597789378
