4 0.15474839197881196 0.15266742338251987 0.15285660234581913 0.2185017026106697
6 0.1928679530836171 0.37698637911464244 0.15645100264850548 0.2238933030646992
3 0.24243284146802876 0.5549091940976163 0.11861520998864926 0.1518161180476731
2 0.2690124858115778 0.7043132803632236 0.10631857737419599 0.15607264472190693
1 0.33409004918653046 0.8179625425652668 0.088157396897465 0.14954597048808171
1 0.40323496027241773 0.8599602724177071 0.08077941732879304 0.15295119182746877
1 0.4803253878168748 0.8659194097616345 0.07188800605372682 0.14103291713961408
0 0.5556186152099887 0.8877695800227015 0.0771850170261067 0.1518161180476731
0 0.6153045781309119 0.8517309875141884 0.08002270147559591 0.14103291713961408
0 0.6793416572077186 0.7922814982973894 0.08740068104426787 0.1373439273552781
1 0.7474460839954598 0.6950908059023837 0.11275066212637155 0.16146424517593644
3 0.7735527809307605 0.5395856980703746 0.12145289443813848 0.16032917139614075
2 0.8099697313658721 0.35627128263337116 0.159477866061294 0.2522701475595914
4 0.8401437760121074 0.13024971623155504 0.14680287552024215 0.22360953461975028
