4 0.076875 0.7341666666666666 0.14875 0.115
4 0.0925 0.5925 0.1625 0.19833333333333333
4 0.124375 0.43916666666666665 0.15625 0.16166666666666665
3 0.17125 0.3125 0.1375 0.18166666666666667
2 0.24125 0.1825 0.1125 0.195
1 0.335 0.105 0.11 0.15666666666666668
1 0.44625 0.06916666666666667 0.11 0.13166666666666665
1 0.575625 0.06416666666666666 0.11375 0.12166666666666667
0 0.68125 0.09333333333333334 0.0975 0.16666666666666666
2 0.75125 0.1625 0.1225 0.195
2 0.824375 0.2758333333333333 0.13375 0.18166666666666667
3 0.859375 0.3983333333333333 0.14125 0.16
4 0.893125 0.5516666666666666 0.18125 0.22333333333333333
