1 0.1935185185185185 0.4375 0.040123456790123455 0.07314814814814814
1 0.24506172839506174 0.4648148148148148 0.03209876543209877 0.11481481481481481
2 0.3077160493827161 0.4532407407407407 0.07098765432098765 0.16574074074074074
0 0.3824074074074074 0.4550925925925926 0.07962962962962963 0.16203703703703703
0 0.4484567901234568 0.43842592592592594 0.08456790123456791 0.18425925925925926
0 0.5367283950617284 0.4513888888888889 0.09197530864197531 0.16944444444444445
0 0.620679012345679 0.44583333333333336 0.0808641975308642 0.1787037037037037
0 0.6891975308641975 0.4532407407407407 0.06975308641975309 0.1712962962962963
1 0.7358024691358025 0.48518518518518516 0.0345679012345679 0.11851851851851852
1 0.770679012345679 0.49166666666666664 0.040123456790123455 0.1037037037037037
1 0.8021604938271605 0.49074074074074076 0.027777777777777776 0.07777777777777778
2 0.8388888888888889 0.45694444444444443 0.03580246913580247 0.08425925925925926
2 0.2191358024691358 0.524537037037037 0.03827160493827161 0.07685185185185185
1 0.2740740740740741 0.5606481481481481 0.037037037037037035 0.0824074074074074
1 0.31080246913580245 0.5805555555555556 0.040123456790123455 0.0962962962962963
2 0.3626543209876543 0.600925925925926 0.06481481481481481 0.16111111111111112
1 0.4160493827160494 0.5796296296296296 0.05308641975308642 0.12407407407407407
0 0.4645061728395062 0.5828703703703704 0.05617283950617284 0.12685185185185185
0 0.5219135802469136 0.5893518518518519 0.05864197530864197 0.125
0 0.5848765432098766 0.5782407407407407 0.05617283950617284 0.13055555555555556
1 0.6429012345679013 0.5958333333333333 0.059876543209876544 0.1398148148148148
1 0.6987654320987654 0.5962962962962963 0.05185185185185185 0.1259259259259259
1 0.7407407407407407 0.5833333333333334 0.043209876543209874 0.10185185185185185
1 0.7833333333333333 0.575 0.040740740740740744 0.07407407407407407
