4 0.2657407407407407 0.6782407407407407 0.09814814814814815 0.08611111111111111
3 0.2833333333333333 0.5949074074074074 0.11604938271604938 0.12314814814814815
2 0.31574074074074077 0.5064814814814815 0.11049382716049383 0.12407407407407407
2 0.3395061728395062 0.42268518518518516 0.10864197530864197 0.12314814814814815
2 0.3743827160493827 0.3402777777777778 0.10308641975308643 0.12129629629629629
1 0.39351851851851855 0.2300925925925926 0.07592592592592592 0.125
1 0.4441358024691358 0.17777777777777778 0.07098765432098765 0.1037037037037037
1 0.5277777777777778 0.17314814814814813 0.09382716049382717 0.11296296296296296
1 0.6166666666666667 0.15555555555555556 0.08024691358024691 0.11851851851851852
1 0.6811728395061728 0.22083333333333333 0.0808641975308642 0.12129629629629629
1 0.7527777777777778 0.2675925925925926 0.08703703703703704 0.11296296296296296
2 0.7589506172839506 0.3819444444444444 0.11419753086419752 0.11018518518518519
3 0.7898148148148149 0.47314814814814815 0.10432098765432099 0.10555555555555556
3 0.804320987654321 0.5745370370370371 0.11481481481481481 0.125
4 0.846604938271605 0.6620370370370371 0.10555555555555556 0.10740740740740741
2 0.22901234567901235 0.7986111111111112 0.0345679012345679 0.08425925925925926
1 0.2558641975308642 0.7944444444444444 0.029012345679012345 0.09259259259259259
1 0.2808641975308642 0.8106481481481481 0.03580246913580247 0.09166666666666666
1 0.3111111111111111 0.8328703703703704 0.030864197530864196 0.11203703703703703
1 0.3527777777777778 0.8689814814814815 0.05617283950617284 0.16018518518518518
0 0.416358024691358 0.8837962962962963 0.0808641975308642 0.1712962962962963
0 0.495679012345679 0.8805555555555555 0.09382716049382717 0.1574074074074074
0 0.5830246913580247 0.8921296296296296 0.09320987654320988 0.16203703703703703
0 0.6604938271604939 0.8773148148148148 0.08888888888888889 0.1712962962962963
0 0.7348765432098765 0.8481481481481481 0.08209876543209876 0.14814814814814814
2 0.8012345679012346 0.8106481481481481 0.0654320987654321 0.10648148148148148
2 0.8262345679012346 0.7916666666666666 0.05864197530864197 0.07962962962962963
