2 0.3589506172839506 0.4305555555555556 0.09197530864197531 0.09814814814814815
2 0.38425925925925924 0.5148148148148148 0.10432098765432099 0.09444444444444444
2 0.4466049382716049 0.42592592592592593 0.07592592592592592 0.12777777777777777
2 0.4759259259259259 0.5273148148148148 0.07901234567901234 0.11388888888888889
2 0.5277777777777778 0.43148148148148147 0.07901234567901234 0.12037037037037036
2 0.5598765432098766 0.5412037037037037 0.08888888888888889 0.13796296296296295
2 0.6064814814814815 0.4134259259259259 0.09320987654320988 0.175
2 0.6432098765432098 0.5675925925925925 0.08148148148148149 0.18703703703703703
1 0.7 0.40324074074074073 0.08765432098765433 0.1712962962962963
1 0.7003086419753086 0.537962962962963 0.04506172839506173 0.10740740740740741
1 0.7759259259259259 0.37592592592592594 0.09753086419753086 0.18703703703703703
1 0.7472222222222222 0.5162037037037037 0.06358024691358025 0.1527777777777778
0 0.8398148148148148 0.38101851851851853 0.06358024691358025 0.18425925925925926
0 0.7938271604938272 0.5273148148148148 0.04691358024691358 0.12685185185185185
0 0.8848765432098765 0.37407407407407406 0.05864197530864197 0.16111111111111112
0 0.8469135802469135 0.5231481481481481 0.028395061728395062 0.12407407407407407
0 0.8209876543209876 0.5273148148148148 0.019753086419753086 0.08796296296296297
0 0.30246913580246915 0.4828703703703704 0.05432098765432099 0.09166666666666666
