2 0.034375 0.33 0.06125 0.13
2 0.103125 0.37333333333333335 0.07875 0.14
1 0.18625 0.4091666666666667 0.1 0.18833333333333332
1 0.299375 0.44166666666666665 0.13875 0.20666666666666667
0 0.454375 0.4633333333333333 0.17375 0.24666666666666667
0 0.649375 0.4508333333333333 0.17125 0.265
0 0.35 0.6233333333333333 0.1075 0.17
0 0.463125 0.6541666666666667 0.11875 0.15833333333333333
0 0.601875 0.6266666666666667 0.11375 0.21666666666666667
0 0.71375 0.6016666666666667 0.095 0.17666666666666667
1 0.8175 0.5741666666666667 0.095 0.15166666666666667
1 0.903125 0.4875 0.08375 0.14833333333333334
1 0.895625 0.3591666666666667 0.08625 0.205
0 0.97 0.31583333333333335 0.06 0.15833333333333333
0 0.964375 0.44083333333333335 0.05625 0.10833333333333334
0 0.796875 0.4 0.13125 0.23
1 0.24875 0.5866666666666667 0.09 0.18666666666666668
1 0.16125 0.53 0.0825 0.15333333333333332
1 0.099375 0.4725 0.06375 0.09833333333333333
