4 0.118125 0.15416666666666667 0.17375 0.17833333333333334
3 0.134375 0.31833333333333336 0.15625 0.15
2 0.191875 0.4533333333333333 0.15375 0.15666666666666668
2 0.245625 0.6066666666666667 0.13625 0.16
1 0.335 0.7391666666666666 0.13 0.145
0 0.448125 0.8141666666666667 0.14125 0.18166666666666667
0 0.61875 0.8025 0.14 0.18166666666666667
1 0.729375 0.7141666666666666 0.12875 0.145
1 0.805625 0.6025 0.12875 0.17166666666666666
2 0.8625 0.4475 0.1575 0.18166666666666667
3 0.904375 0.31083333333333335 0.14875 0.15166666666666667
4 0.9175 0.14916666666666667 0.1575 0.22833333333333333
