2 0.56125 0.447 0.1385 0.2695
2 0.42716666666666664 0.460625 0.12666666666666668 0.19225
0 0.3094166666666667 0.45775 0.0985 0.134
0 0.18591666666666667 0.456125 0.17116666666666666 0.15125
2 0.06241666666666667 0.460625 0.07416666666666667 0.10125
2 0.04841666666666666 0.57025 0.0765 0.125
2 0.17641666666666667 0.593625 0.16283333333333333 0.12625
2 0.31616666666666665 0.604875 0.112 0.16925
2 0.43516666666666665 0.58675 0.11366666666666667 0.142
2 0.55375 0.589625 0.10983333333333334 0.18175
1 0.69875 0.46975 0.11216666666666666 0.2555
1 0.8070833333333334 0.48 0.11516666666666667 0.2785
0 0.8779166666666667 0.4305 0.049166666666666664 0.193
0 0.9344166666666667 0.390125 0.06216666666666667 0.22625
0 0.9206666666666666 0.554375 0.053 0.13625
