4 0.28271604938271605 0.33564814814814814 0.12469135802469136 0.14166666666666666
4 0.30277777777777776 0.4537037037037037 0.12037037037037036 0.12037037037037036
4 0.3148148148148148 0.5231481481481481 0.09259259259259259 0.11296296296296296
2 0.3339506172839506 0.5944444444444444 0.08395061728395062 0.1388888888888889
2 0.3558641975308642 0.65 0.04876543209876543 0.13148148148148148
1 0.4095679012345679 0.6777777777777778 0.06975308641975309 0.13148148148148148
0 0.45987654320987653 0.700925925925926 0.06049382716049383 0.10925925925925926
0 0.5175925925925926 0.7060185185185185 0.05740740740740741 0.09907407407407408
0 0.571604938271605 0.6902777777777778 0.06666666666666667 0.14166666666666666
0 0.6268518518518519 0.7231481481481481 0.07222222222222222 0.12407407407407407
0 0.6765432098765433 0.6662037037037037 0.07407407407407407 0.13796296296296295
1 0.707716049382716 0.5976851851851852 0.09567901234567901 0.11574074074074074
2 0.7425925925925926 0.5143518518518518 0.11851851851851852 0.14907407407407408
3 0.8021604938271605 0.4236111111111111 0.11296296296296296 0.1527777777777778
2 0.3638888888888889 0.17777777777777778 0.05493827160493827 0.10185185185185185
0 0.32098765432098764 0.16435185185185186 0.03580246913580247 0.062037037037037036
1 0.412962962962963 0.19074074074074074 0.05802469135802469 0.11666666666666667
1 0.47098765432098766 0.18287037037037038 0.06049382716049383 0.1287037037037037
1 0.5302469135802469 0.19583333333333333 0.056790123456790124 0.13796296296296295
1 0.5867283950617284 0.19907407407407407 0.06481481481481481 0.1259259259259259
1 0.6382716049382716 0.19537037037037036 0.05432098765432099 0.10555555555555556
1 0.6901234567901234 0.19907407407407407 0.05925925925925926 0.09259259259259259
1 0.7385802469135803 0.19768518518518519 0.04876543209876543 0.07314814814814814
1 0.7799382716049382 0.20185185185185187 0.04506172839506173 0.06111111111111111
1 0.8228395061728395 0.2125 0.04938271604938271 0.04722222222222222
