0 0.079375 0.4091666666666667 0.15625 0.20833333333333334
0 0.134375 0.6 0.11125 0.22666666666666666
0 0.255 0.3925 0.18 0.24833333333333332
0 0.425 0.3616666666666667 0.1475 0.25
0 0.575 0.36333333333333334 0.1475 0.22333333333333333
0 0.71625 0.36833333333333335 0.125 0.17666666666666667
1 0.825625 0.3516666666666667 0.09125 0.15333333333333332
1 0.91875 0.30833333333333335 0.095 0.12
1 0.87 0.44166666666666665 0.1575 0.14666666666666667
1 0.74625 0.5116666666666667 0.125 0.17
1 0.64125 0.5375 0.13 0.20833333333333334
1 0.515 0.5658333333333333 0.13 0.21833333333333332
0 0.373125 0.59 0.12625 0.22666666666666666
0 0.25125 0.6091666666666666 0.115 0.215
1 0.05125 0.5908333333333333 0.0675 0.17833333333333334
