1 0.058125 0.3175 0.08875 0.115
1 0.15875 0.3516666666666667 0.1375 0.15
1 0.126875 0.4533333333333333 0.14375 0.18
1 0.29125 0.38083333333333336 0.1425 0.17833333333333334
1 0.259375 0.5083333333333333 0.11625 0.18666666666666668
1 0.451875 0.38416666666666666 0.18125 0.23166666666666666
0 0.38375 0.5583333333333333 0.13 0.23
0 0.53125 0.6083333333333333 0.16 0.28
0 0.643125 0.375 0.20375 0.27666666666666667
0 0.6925 0.6008333333333333 0.155 0.245
0 0.856875 0.36333333333333334 0.22875 0.3333333333333333
0 0.84 0.61 0.14 0.22333333333333333
0 0.964375 0.5541666666666667 0.07125 0.2783333333333333
