1 0.10987654320987654 0.4532407407407407 0.03950617283950617 0.1712962962962963
2 0.16234567901234567 0.6083333333333333 0.05308641975308642 0.15555555555555556
1 0.17191358024691358 0.44166666666666665 0.0882716049382716 0.19074074074074074
0 0.25709876543209875 0.45185185185185184 0.0882716049382716 0.18888888888888888
0 0.33641975308641975 0.44074074074074077 0.08765432098765433 0.18888888888888888
1 0.4265432098765432 0.4550925925925926 0.08888888888888889 0.175
1 0.5092592592592593 0.4787037037037037 0.0691358024691358 0.12962962962962962
1 0.5864197530864198 0.49074074074074076 0.08148148148148149 0.10925925925925926
2 0.6694444444444444 0.475 0.09567901234567901 0.10925925925925926
0 0.20030864197530865 0.5837962962962963 0.040123456790123455 0.11018518518518519
0 0.23055555555555557 0.5958333333333333 0.047530864197530866 0.1175925925925926
0 0.2675925925925926 0.5967592592592592 0.06604938271604938 0.12129629629629629
0 0.33271604938271604 0.5916666666666667 0.06790123456790123 0.13333333333333333
1 0.4074074074074074 0.6032407407407407 0.08641975308641975 0.16944444444444445
0 0.4898148148148148 0.5976851851851852 0.08703703703703704 0.14351851851851852
1 0.571604938271605 0.5930555555555556 0.07654320987654321 0.125
1 0.6580246913580247 0.5694444444444444 0.09753086419753086 0.09259259259259259
