3 0.13253012048192772 0.37221123976277887 0.10843373493975904 0.10336063258966394
3 0.14768448795180722 0.4608867551539113 0.11012801204819277 0.11296243998870376
2 0.24830572289156627 0.41527817000847217 0.12161144578313253 0.14769839028523016
2 0.26468373493975905 0.5324767014967523 0.14118975903614459 0.1301892120869811
2 0.36276355421686746 0.44182434340581755 0.12161144578313253 0.14430951708556905
2 0.39721385542168675 0.5569048291443095 0.1223644578313253 0.14233267438576674
1 0.506871234939759 0.4275628353572437 0.12895331325301204 0.21406382377859362
1 0.6329066265060241 0.4526969782547303 0.1144578313253012 0.19881389438011862
1 0.5618411144578314 0.5803445354419655 0.10711596385542169 0.1954250211804575
1 0.7570594879518072 0.4450720135554928 0.12669427710843373 0.23552668737644733
1 0.8688817771084337 0.4521321660547868 0.10862198795180723 0.21519344817848066
1 0.6646272590361446 0.5487150522451285 0.09845632530120482 0.19316577238068341
0 0.7508471385542169 0.5866986726913301 0.07661897590361445 0.11719853148828015
1 0.8192771084337349 0.5883931092911607 0.060240963855421686 0.09008754589099124
1 0.8739646084337349 0.5899463428410053 0.04198042168674699 0.08246258119175374
1 0.9094503012048193 0.5910759672408924 0.03463855421686747 0.09771251059022874
