1 0.05570652173913043 0.4193595342066958 0.04386645962732919 0.2081513828238719
1 0.08152173913043478 0.4442503639010189 0.04386645962732919 0.19737991266375546
1 0.14770962732919254 0.434061135371179 0.12305900621118013 0.2328966521106259
0 0.2713509316770186 0.436098981077147 0.13159937888198758 0.21775836972343524
0 0.4014945652173913 0.4366812227074236 0.11432453416149069 0.19737991266375546
2 0.5258152173913043 0.41033478893740905 0.13004658385093168 0.22212518195050945
2 0.6607142857142857 0.437117903930131 0.13082298136645962 0.1487627365356623
2 0.7799883540372671 0.40756914119359533 0.11937111801242237 0.14788937409024747
2 0.8802406832298136 0.3880640465793304 0.08423913043478261 0.0809315866084425
2 0.12762034161490685 0.5940320232896652 0.04677795031055901 0.10684133915574964
1 0.1736218944099379 0.5909752547307132 0.040954968944099376 0.08733624454148471
0 0.22894021739130435 0.5882096069868996 0.0797748447204969 0.09286754002911209
0 0.3048330745341615 0.5611353711790393 0.07899844720496894 0.15749636098981076
1 0.39790372670807456 0.5767103347889374 0.0986024844720497 0.14556040756914118
1 0.5054347826086957 0.5784570596797671 0.1063664596273292 0.19388646288209607
2 0.6463509316770186 0.5497816593886463 0.13082298136645962 0.14119359534206696
2 0.7702833850931677 0.5228529839883551 0.15586180124223603 0.11761280931586608
2 0.8992624223602484 0.45982532751091704 0.14091614906832298 0.09286754002911209
