3 0.14142652769262212 0.8618945432250154 0.15695892090741875 0.1873083997547517
4 0.18894338851420397 0.7156652360515021 0.1600245248313918 0.2431023911710607
2 0.21745350500715308 0.5530349478847333 0.13652156141426527 0.1477621091354997
1 0.2528101369303086 0.30180870631514406 0.11077048845289189 0.1640098099325567
1 0.331289597384018 0.20156345800122624 0.0985080727569998 0.11925199264255058
1 0.4231555283057429 0.14316370324954017 0.11751481708563254 0.15328019619865113
1 0.5443490701001431 0.1364193746167995 0.11751481708563254 0.16431637032495403
1 0.6334559574902923 0.20876762722256284 0.10279991825056203 0.13795217657878603
1 0.7061107704884529 0.3297057020232986 0.10954424688330268 0.16952789699570817
4 0.7425914571837319 0.5689760882893931 0.1314122215409769 0.1489883507050889
4 0.7677294093603106 0.7386572654812998 0.15266707541385652 0.23451870018393622
4 0.8188228080931944 0.8793684855916616 0.1220110361741263 0.21796443899448192
