2 0.16833333333333333 0.399875 0.03333333333333333 0.14125
2 0.19375 0.408125 0.03916666666666667 0.14025
2 0.2155 0.415125 0.04633333333333333 0.13475
2 0.17166666666666666 0.52825 0.04133333333333333 0.126
2 0.21658333333333332 0.54775 0.04716666666666667 0.139
2 0.90825 0.402625 0.034833333333333334 0.12275
2 0.90025 0.5065 0.057833333333333334 0.102
4 0.83975 0.52875 0.0775 0.1315
2 0.8675833333333334 0.39725 0.03916666666666667 0.136
1 0.8295833333333333 0.401625 0.0515 0.13575
1 0.7900833333333334 0.562375 0.08116666666666666 0.14675
2 0.7636666666666667 0.3875 0.07766666666666666 0.236
1 0.7133333333333334 0.561875 0.07966666666666666 0.22175
1 0.6781666666666667 0.389625 0.089 0.18825
1 0.634 0.556 0.079 0.164
1 0.25825 0.571625 0.060833333333333336 0.15875
2 0.26366666666666666 0.404875 0.076 0.19475
2 0.33725 0.406375 0.08983333333333333 0.17825
1 0.3169166666666667 0.552625 0.06516666666666666 0.15325
1 0.3905 0.557 0.08333333333333333 0.1555
1 0.47158333333333335 0.5505 0.08183333333333333 0.1315
1 0.5531666666666667 0.564125 0.084 0.13475
0 0.5661666666666667 0.39725 0.12466666666666666 0.227
0 0.4459166666666667 0.394 0.12016666666666667 0.2185
