2 0.28 0.479875 0.07533333333333334 0.13575
2 0.289 0.601 0.09633333333333334 0.126
2 0.3556666666666667 0.49125 0.06733333333333333 0.139
2 0.38433333333333336 0.6255 0.10433333333333333 0.1445
1 0.4593333333333333 0.6505 0.08333333333333333 0.175
1 0.41583333333333333 0.49675 0.07466666666666667 0.137
1 0.4984166666666667 0.50375 0.0935 0.1815
1 0.5441666666666667 0.633625 0.08766666666666667 0.16075
0 0.5905 0.5005 0.10066666666666667 0.173
0 0.6999166666666666 0.5005 0.11383333333333333 0.2055
0 0.8075 0.5 0.09566666666666666 0.2045
1 0.8846666666666667 0.496125 0.05433333333333333 0.15975
2 0.9335833333333333 0.483125 0.0405 0.20125
0 0.6314166666666666 0.64125 0.0825 0.139
0 0.7078333333333333 0.64775 0.079 0.113
0 0.7814166666666666 0.651625 0.06383333333333334 0.12275
0 0.8408333333333333 0.64225 0.058 0.15
1 0.8930833333333333 0.649375 0.04783333333333333 0.17075
1 0.9278333333333333 0.635375 0.03766666666666667 0.11625
