0 0.12525 0.438 0.0385 0.1675
0 0.156 0.442875 0.05366666666666667 0.14875
1 0.21941666666666668 0.43425 0.0905 0.1945
0 0.31475 0.4315 0.1015 0.2
1 0.4180833333333333 0.42975 0.10216666666666667 0.1685
1 0.5165833333333333 0.4245 0.0935 0.2055
1 0.601 0.432625 0.074 0.13475
1 0.6764166666666667 0.436875 0.08116666666666666 0.12825
2 0.7570833333333333 0.43425 0.0775 0.114
1 0.14158333333333334 0.573875 0.018833333333333334 0.12175
1 0.16291666666666665 0.5685 0.026833333333333334 0.1195
0 0.2035 0.57325 0.048666666666666664 0.1055
0 0.2549166666666667 0.577125 0.052833333333333336 0.11075
0 0.318 0.586375 0.06166666666666667 0.11625
0 0.3904166666666667 0.569 0.0775 0.1705
1 0.4775 0.583125 0.08766666666666667 0.19875
1 0.5651666666666667 0.586375 0.08333333333333333 0.14025
2 0.6426666666666667 0.554875 0.11533333333333333 0.12725
2 0.7400833333333333 0.533125 0.11016666666666666 0.09475
