2 0.1392 0.45589558955895587 0.1164 0.1563156315631563
1 0.1868 0.5792079207920792 0.1072 0.1479147914791479
1 0.2279 0.4585958595859586 0.075 0.12331233123312331
1 0.2864 0.534053405340534 0.1008 0.1866186618661866
1 0.39 0.5003000300030003 0.1008 0.18331833183318333
0 0.4868 0.4977497749774977 0.0944 0.14581458145814583
0 0.5804 0.495949594959496 0.0872 0.12961296129612962
2 0.6675 0.5132013201320133 0.097 0.19591959195919592
0 0.7214 0.4377437743774377 0.0736 0.09000900090009001
0 0.7761 0.5388538853885388 0.0858 0.1938193819381938
0 0.8093 0.4521452145214521 0.0822 0.1404140414041404
1 0.8582 0.5888088808880888 0.0956 0.1563156315631563
2 0.8871 0.4756975697569757 0.095 0.13831383138313832
