2 0.1622 0.43504350435043504 0.1164 0.1404140414041404
2 0.2878 0.4498949894989499 0.1364 0.15751575157515751
1 0.3996 0.4798979897989799 0.0756 0.15751575157515751
1 0.3407 0.5865586558655865 0.125 0.16081608160816083
1 0.2296 0.5373537353735374 0.1028 0.08340834083408341
1 0.456 0.5501050105010501 0.1128 0.18871887188718872
2 0.5704 0.5244524452445245 0.1072 0.19081908190819083
0 0.6707 0.5294029402940295 0.0934 0.1425142514251425
0 0.7632 0.5388538853885388 0.09 0.1488148814881488
2 0.8493 0.5442544254425442 0.0894 0.18961896189618963
0 0.9382 0.5684068406840684 0.0756 0.1779177917791779
0 0.8964 0.474047404740474 0.0536 0.09000900090009001
