1 0.0927329469460544 0.47642140468227423 0.07267053053945609 0.10468227424749164
1 0.04893000445831476 0.5790969899665552 0.0840392331698618 0.19966555183946488
2 0.14745876058849755 0.5234113712374582 0.10588497547926884 0.18127090301003346
0 0.2516718680338832 0.5277591973244147 0.09986625055728934 0.1531772575250836
0 0.35276415514935355 0.5311036789297658 0.10053499777084263 0.1531772575250836
2 0.4621043245653143 0.5352842809364549 0.12082032991529201 0.20501672240802676
0 0.5861569326794471 0.5682274247491639 0.12015158270173874 0.2214046822742475
1 0.7022960320998662 0.6232441471571907 0.12371823450735622 0.1842809364548495
1 0.7349531876950512 0.4909698996655518 0.1386535889433794 0.1725752508361204
1 0.7985956308515382 0.5832775919732441 0.10365581810075791 0.10903010033444815
3 0.8740526081141329 0.5001672240802676 0.13374944271065536 0.08729096989966555
0 0.5325456977262595 0.45652173913043476 0.08782880071333037 0.09899665551839465
0 0.6411056620597414 0.47157190635451507 0.10075791350869372 0.1939799331103679
