3 0.0928927680798005 0.8449189526184538 0.1853699085619285 0.29644638403990026
4 0.1731088944305902 0.6536783042394015 0.14671654197838738 0.1633416458852868
4 0.19815045719035743 0.4390586034912718 0.14983374896093102 0.23971321695760597
0 0.25654613466334164 0.28491271820448877 0.08748960931005818 0.13528678304239403
5 0.345074812967581 0.23207605985037408 0.08956774729842061 0.14183291770573567
4 0.44368246051537824 0.20433291770573567 0.12468827930174564 0.15056109725685785
5 0.559019118869493 0.2177369077306733 0.11180382377389858 0.1580423940149626
5 0.6625103906899418 0.2676122194513716 0.09393183707398171 0.14619700748129677
4 0.8113050706566916 0.5040523690773068 0.15336658354114713 0.24937655860349128
5 0.859621778886118 0.7219451371571073 0.1814214463840399 0.2805486284289277
