5 0.86275 0.883875 0.1175 0.17275
3 0.8255833333333333 0.693 0.1265 0.168
2 0.7715 0.50725 0.13933333333333334 0.208
0 0.7355 0.335125 0.116 0.12275
1 0.7040833333333333 0.214 0.09083333333333334 0.1215
0 0.64425 0.121375 0.0925 0.13175
0 0.5476666666666666 0.093 0.09466666666666666 0.143
0 0.4365833333333333 0.104375 0.0985 0.13875
0 0.34875 0.11975 0.07116666666666667 0.0965
0 0.26616666666666666 0.185625 0.10766666666666666 0.13975
0 0.21575 0.294125 0.10983333333333334 0.14075
0 0.17758333333333334 0.39575 0.10916666666666666 0.1375
3 0.14458333333333334 0.541875 0.1355 0.21825
2 0.13366666666666666 0.73225 0.13333333333333333 0.1785
2 0.12758333333333333 0.908875 0.12416666666666666 0.16825
