1 0.164 0.4065 0.084 0.139
1 0.2530833333333333 0.41075 0.1145 0.2305
1 0.1665 0.511375 0.058666666666666666 0.10125
1 0.23833333333333334 0.557 0.058666666666666666 0.073
0 0.3020833333333333 0.560375 0.0675 0.10325
0 0.37675 0.592375 0.08616666666666667 0.14575
0 0.44775 0.567875 0.06016666666666667 0.08375
0 0.5263333333333333 0.56525 0.07533333333333334 0.1305
0 0.37566666666666665 0.416875 0.13766666666666666 0.22925
0 0.489 0.46075 0.10933333333333334 0.2065
0 0.59225 0.479375 0.1015 0.22175
0 0.61625 0.62225 0.10583333333333333 0.1925
0 0.6730833333333334 0.4745 0.0775 0.1555
1 0.6919166666666666 0.571125 0.0385 0.06625
2 0.7480833333333333 0.531 0.07816666666666666 0.1315
2 0.77125 0.44025 0.08683333333333333 0.1065
