2 0.21333333333333335 0.67825 0.129 0.2
2 0.26408333333333334 0.56675 0.11883333333333333 0.1425
1 0.25316666666666665 0.437 0.12166666666666667 0.1435
1 0.2806666666666667 0.317875 0.1 0.15525
1 0.35391666666666666 0.22925 0.09283333333333334 0.126
1 0.42775 0.15475 0.1145 0.125
2 0.5405 0.184125 0.108 0.15325
1 0.634 0.233625 0.08766666666666667 0.12175
1 0.7110833333333333 0.27875 0.09716666666666667 0.162
1 0.7190833333333333 0.430875 0.1175 0.15975
1 0.7411666666666666 0.558625 0.11666666666666667 0.12825
2 0.7575 0.683625 0.13466666666666666 0.16075
2 0.7698333333333334 0.810375 0.13333333333333333 0.14025
0 0.19225 0.862375 0.04783333333333333 0.10325
0 0.23325 0.87175 0.0645 0.1695
0 0.31083333333333335 0.883625 0.08766666666666667 0.14125
0 0.3944166666666667 0.902625 0.11883333333333333 0.10975
0 0.5150833333333333 0.914125 0.11816666666666667 0.12825
0 0.61475 0.93575 0.09283333333333334 0.087
