4 0.168 0.75 0.15566666666666668 0.239
4 0.226 0.545625 0.15866666666666668 0.23675
2 0.2745 0.3685 0.13266666666666665 0.174
2 0.32233333333333336 0.22775 0.11966666666666667 0.201
1 0.39808333333333334 0.1445 0.09416666666666666 0.1435
1 0.48975 0.1195 0.08616666666666667 0.124
1 0.5799166666666666 0.098875 0.09716666666666667 0.11325
1 0.6539166666666667 0.088625 0.08116666666666666 0.12075
0 0.6814166666666667 0.205875 0.09116666666666666 0.13375
0 0.72525 0.292375 0.10216666666666667 0.16975
1 0.8125833333333333 0.365125 0.1115 0.18475
0 0.7965833333333333 0.54775 0.1275 0.174
4 0.8060833333333334 0.73525 0.16083333333333333 0.225
1 0.8133333333333334 0.905375 0.15933333333333333 0.13475
