2 0.073071846124835 0.3432814710042433 0.05374316424665284 0.13267326732673268
2 0.12379785027343014 0.4362093352192362 0.05223458419762399 0.19688826025459688
1 0.1720724118423534 0.46506364922206506 0.07486328493305676 0.17652050919377651
0 0.24778427305298886 0.47213578500707215 0.10296058834621911 0.22065063649222066
1 0.3494248538563077 0.48401697312588404 0.09277767301527437 0.1816124469589816
3 0.2543843107674901 0.6162659123055163 0.09881199321138978 0.1371994342291372
3 0.3446162549500283 0.5946251768033947 0.08052046011691495 0.08486562942008487
3 0.41721666980954175 0.5983026874115983 0.06468036960211201 0.055445544554455446
0 0.44267395813690363 0.471004243281471 0.1370922119554969 0.24497878359264497
0 0.5763718649820856 0.4492220650636492 0.12766358664906657 0.2297029702970297
1 0.5499717141240807 0.5868458274398869 0.060154629455025456 0.05233380480905234
0 0.6126720724118424 0.5743988684582744 0.056571751838581937 0.044413012729844416
2 0.6942296813124647 0.5983026874115983 0.09221195549688856 0.09674681753889675
2 0.7881387893645107 0.5728429985855729 0.07976617009240053 0.09787835926449788
2 0.8629077880445031 0.514002828854314 0.06222892702244013 0.11089108910891089
0 0.6921553837450499 0.4562942008486563 0.09786913068074675 0.21103253182461104
0 0.7856873467848388 0.4340876944837341 0.09786913068074675 0.1949080622347949
0 0.8480105600603433 0.4444130127298444 0.05581746181406751 0.18953323903818953
