2 0.12241513850955911 0.39566871524729297 0.10827155676941085 0.13871817383669885
2 0.16621147093250097 0.5365817968978637 0.09754194303550527 0.08867427568042142
2 0.21127584861490442 0.5002926543751829 0.06944986344127975 0.13549897570968686
2 0.2607296137339056 0.47483172373426985 0.08017947717518532 0.1952004682470003
0 0.3399336714787359 0.4947322212467076 0.09812719469371829 0.1788118232367574
0 0.44898556379243076 0.4991220368744513 0.12426843542723372 0.22446590576529118
0 0.5668162309793211 0.4970734562481709 0.10397971127584861 0.18115305823822067
0 0.6628950448692938 0.47380743342112963 0.12563402262973078 0.2405618964003512
0 0.7835544284042139 0.4591747146619842 0.11139289894654701 0.22007609013754756
0 0.8796332422941865 0.4591747146619842 0.08817791650409676 0.2048580626280363
0 0.9476199765899337 0.4433713784021071 0.06652360515021459 0.20368744512730466
2 0.4074326960593055 0.6412057360257536 0.10905189231369489 0.1919812701199883
2 0.5057549746390948 0.6179397131987123 0.08017947717518532 0.10623353819139596
2 0.5935427233710495 0.6109160081943225 0.06808427623878267 0.07052970441908106
1 0.6571400702301989 0.6053555750658473 0.05911041747951619 0.04009364940005853
1 0.7188841201716738 0.5983318700614574 0.06437768240343347 0.04770266315481417
2 0.8410066328521264 0.6065261925665789 0.07452204447912603 0.1009657594381036
