1 0.054723262588431125 0.43211610486891383 0.03454015813566375 0.16573033707865167
0 0.07480233042030796 0.4616104868913858 0.04598418643362463 0.17103620474406991
0 0.12172284644194757 0.4712858926342072 0.08406158967956721 0.21410736579275905
1 0.2009987515605493 0.4789325842696629 0.07324178110694965 0.18632958801498128
0 0.2792342904702455 0.47019350811485644 0.12775697045359966 0.24625468164794007
0 0.41156887224302957 0.4622347066167291 0.12983770287141075 0.21972534332084895
0 0.5264253017062006 0.47034956304619224 0.10694964627548897 0.2184769038701623
0 0.6369121930919683 0.46270287141073657 0.11277569704535996 0.19506866416978777
0 0.7183728672492717 0.4783083645443196 0.07178526841448189 0.19382022471910113
1 0.7682064086558469 0.46441947565543074 0.04535996670828132 0.15293383270911362
1 0.8134623387432376 0.43102372034956304 0.05513940907199334 0.14856429463171036
1 0.8786933000416146 0.389669163545568 0.06658343736995423 0.13451935081148564
3 0.15543071161048688 0.6306179775280899 0.08531002913025384 0.11953807740324594
2 0.22367873491468998 0.6064294631710362 0.07240948813982521 0.07303370786516854
2 0.2935913441531419 0.6097066167290887 0.06034124011652101 0.04962546816479401
1 0.359966708281315 0.5941011235955056 0.049521431543903455 0.04400749063670412
1 0.4112567623803579 0.6009675405742821 0.05014565126924678 0.04712858926342072
1 0.47191011235955055 0.58645443196005 0.05076987099459009 0.041822721598002495
2 0.5569080316271328 0.6042446941323346 0.10341240116521015 0.1379525593008739
2 0.6928838951310862 0.608458177278402 0.09404910528506034 0.11204744069912609
1 0.7922388680815647 0.5563358302122348 0.1075738660008323 0.1151685393258427
3 0.8719309196837287 0.4992197253433209 0.07885975863503954 0.08707865168539326
