5 0.14458453906572963 0.8662015503875969 0.1639107069036792 0.20868217054263566
4 0.18272013228606862 0.6908527131782946 0.16329061595700703 0.21705426356589147
3 0.2065936337329475 0.5241860465116279 0.142414220752377 0.1572093023255814
2 0.22405952873088053 0.37007751937984495 0.15336916081025218 0.1807751937984496
1 0.25785448532451427 0.22465116279069766 0.1312525837122778 0.1764341085271318
3 0.3349524596940885 0.14976744186046512 0.09694088466308391 0.15503875968992248
1 0.5672798677139314 0.1263565891472868 0.12835882596114095 0.17209302325581396
1 0.4454319966928483 0.13488372093023257 0.12401818933443572 0.1786046511627907
1 0.6380735841256717 0.18992248062015504 0.10334849111202976 0.16031007751937984
1 0.7297436957420421 0.2364341085271318 0.11967755270773046 0.19565891472868216
1 0.7703596527490698 0.3851162790697674 0.1537825547747003 0.18728682170542635
3 0.8070483670938404 0.5213953488372093 0.14324100868127326 0.14976744186046512
1 0.7828648201736255 0.7057364341085272 0.15192228193468377 0.21271317829457365
4 0.8498346424142208 0.8181395348837209 0.13042579578338157 0.22542635658914728
4 0.8706076891277388 0.9520930232558139 0.10913600661430344 0.09581395348837209
