2 0.18157014610103855 0.1060205967784526 0.13712374581939799 0.20253498811724321
3 0.19811652878014435 0.30353842091365196 0.13641964442879775 0.19038817005545286
1 0.22821686322830487 0.4982836017956166 0.14522091181130084 0.22339582783205703
1 0.27477556768174616 0.6666226564562978 0.1151205773631403 0.1660945339318722
6 0.31068473860235873 0.7760760496435173 0.08132371061432846 0.10351201478743069
0 0.3360323886639676 0.8883020860839714 0.07639500088012674 0.12780565091101134
0 0.3906002464354867 0.8766833905466068 0.0711142404506249 0.10879324003168735
0 0.4467523323358564 0.919197253762873 0.07041013906002465 0.10562450488513335
0 0.5161063193099806 0.908106680749934 0.0637211758493223 0.10773699498283602
0 0.577011089596902 0.8914708212305255 0.07850730505192748 0.11882756799577501
0 0.6283224784368949 0.8497491418008978 0.08431614152437951 0.13414312120411936
1 0.6972364020418941 0.8306047002904674 0.10209470163703574 0.13757591761288618
2 0.6792818165815877 0.6841827303934512 0.1260341489174441 0.13731185635067336
6 0.740186586868509 0.5537364668603116 0.13765182186234817 0.2112490097702667
4 0.7874493927125507 0.37549511486664905 0.15331807780320367 0.2112490097702667
5 0.8413131490934694 0.18695537364668602 0.14381270903010032 0.21230525481911802
