2 0.90025 0.281625 0.14383333333333334 0.20675
1 0.8320833333333333 0.4805 0.16216666666666665 0.2295
1 0.787 0.6555 0.116 0.1615
1 0.7025833333333333 0.725375 0.1015 0.18075
0 0.6359166666666667 0.81525 0.07583333333333334 0.158
0 0.559 0.86575 0.09633333333333334 0.1205
0 0.3938333333333333 0.849875 0.072 0.10225
0 0.31466666666666665 0.798125 0.08033333333333334 0.13275
0 0.23366666666666666 0.712875 0.103 0.17625
0 0.18133333333333335 0.568625 0.11666666666666667 0.13975
3 0.14875 0.381625 0.15916666666666668 0.22725
2 0.10633333333333334 0.160625 0.15166666666666667 0.20775
