0 0.07985636114911081 0.3588099512695563 0.04993160054719562 0.07899461400359066
0 0.13431942544459644 0.3881764555014106 0.07335841313269494 0.12285201333675301
0 0.17040013679890562 0.4743523980507823 0.05557455540355677 0.08335470633495769
0 0.19639192886456908 0.4266478584252372 0.04770861833105335 0.11208002051808157
1 0.2408515731874145 0.43305975891254167 0.08122435020519836 0.16132341626057964
0 0.3274623803009576 0.43087971274685816 0.09610123119015047 0.1549115157732752
0 0.3067715458276334 0.5452680174403693 0.06326949384404924 0.10156450371890229
0 0.24658002735978113 0.5276994101051552 0.04993160054719562 0.07053090536034881
0 0.4357045143638851 0.4112592972557066 0.11901504787961696 0.19671710695050013
0 0.3798734610123119 0.5393690689920493 0.08122435020519836 0.11746601692741729
0 0.46169630642954856 0.5341113105924596 0.07831737346101231 0.08335470633495769
0 0.5372777017783857 0.5089766606822262 0.07421340629274965 0.1423441908181585
0 0.5711354309165527 0.40587330084637085 0.12175102599179206 0.1879969222877661
0 0.6135430916552668 0.5165427032572455 0.06839945280437756 0.1036163118748397
0 0.6733926128590971 0.4283149525519364 0.08413132694938441 0.14978199538343165
0 0.6869015047879617 0.544755065401385 0.07421340629274965 0.10053859964093358
0 0.7527359781121751 0.4240830982303155 0.07763337893296854 0.1751731213131572
0 0.7474350205198358 0.5266735060271864 0.05984952120383037 0.09823031546550398
0 0.8009575923392613 0.43895870736086173 0.04274965800273598 0.1218261092587843
