0 0.119232223903177 0.4197163120567376 0.10344175491679274 0.10808510638297872
0 0.22503782148260212 0.43886524822695033 0.10552193645990923 0.1702127659574468
0 0.2839447806354009 0.4950354609929078 0.05011346444780635 0.10156028368794326
0 0.24650151285930408 0.5571631205673759 0.09890317700453857 0.10609929078014184
0 0.3213880484114977 0.5665248226950355 0.053895612708018154 0.07205673758865248
0 0.3264939485627837 0.4921985815602837 0.08301815431164902 0.1702127659574468
0 0.40762102874432676 0.4851063829787234 0.12726928895612707 0.20822695035460992
0 0.3857791225416036 0.6156028368794326 0.0850983358547655 0.12879432624113477
0 0.48137291981845687 0.6123404255319149 0.09020423600605143 0.16595744680851063
0 0.5363086232980333 0.48411347517730496 0.1229198184568835 0.20170212765957446
0 0.5890695915279879 0.5981560283687943 0.10779122541603631 0.2204255319148936
0 0.6905257186081695 0.4546099290780142 0.15941754916792739 0.2499290780141844
0 0.6930786686838124 0.6083687943262411 0.1002269288956127 0.10808510638297872
0 0.7992624810892587 0.5860992907801419 0.087178517397882 0.19404255319148936
0 0.8585476550680786 0.4490780141843972 0.16225416036308624 0.25872340425531914
0 0.8906013615733737 0.6181560283687944 0.08226172465960666 0.14297872340425533
0 0.9705937972768532 0.5063829787234042 0.05881240544629349 0.1702127659574468
0 0.9661497730711044 0.6072340425531915 0.06770045385779122 0.10581560283687944
