3 0.1379524485450674 0.9113654511578387 0.13892831795599717 0.16396060686718125
4 0.1812455642299503 0.7521959009848284 0.15454222853087296 0.20495075858397657
1 0.22560326472675657 0.6058025019962736 0.1279276082327892 0.13202022890604206
0 0.24627395315826828 0.4693904711205749 0.13378282469836764 0.14985360660101144
0 0.27031582682753724 0.32020228906042053 0.10060326472675657 0.16396060686718125
0 0.3475869410929737 0.1932392866648922 0.08942512420156139 0.147458078253926
0 0.44215755855216465 0.12004258717061485 0.11320085166784954 0.14319936119244078
0 0.5711497515968772 0.1294916156507852 0.11533002129169624 0.15304764439712537
0 0.6731724627395316 0.20375299441043385 0.0887154009936125 0.14878892733564014
0 0.7323456352022711 0.3429598083577322 0.09599006387508871 0.1583710407239819
0 0.7486692689850958 0.48376364120308757 0.1272178850248403 0.1365451157838701
0 0.8210610361958836 0.5802501996273622 0.12260468417317247 0.14319936119244078
4 0.8029630943931867 0.7544583444237424 0.14850958126330732 0.20734628693106202
4 0.852555003548616 0.8858131487889274 0.10574875798438609 0.15970188980569602
