3 0.14840858623242043 0.1257285595337219 0.154700222057735 0.1909519844573966
4 0.19430051813471502 0.347210657785179 0.16654330125832717 0.2520122120455176
0 0.24056254626202814 0.5137385512073273 0.13027387120651368 0.16541770746600057
0 0.2542561065877128 0.6669442131557036 0.12065136935603257 0.1742991951151818
0 0.307920059215396 0.7946155981126839 0.10658771280532939 0.16763807937829586
0 0.38675055514433754 0.8451290591174022 0.0925240562546262 0.15098529003608105
0 0.46632124352331605 0.8839855675825701 0.08586232420429311 0.1443241742991951
0 0.5540340488527017 0.8701082431307244 0.09104367135455219 0.1298917568692756
0 0.6376757957068838 0.845684152095476 0.0925240562546262 0.13877324451845685
0 0.698741672834937 0.7701915070774354 0.09770540340488527 0.1565362198168193
0 0.7527757216876387 0.6375242853177907 0.12139156180606958 0.18873161254510132
0 0.7694300518134715 0.4787676935886761 0.13101406365655072 0.16652789342214822
4 0.8168023686158401 0.3227865667499306 0.16506291635825315 0.2453510963086317
5 0.8064396743153219 0.09852900360810436 0.15914137675795706 0.19206217041354426
