0 0.07783333333333334 0.42225 0.042 0.099
0 0.11508333333333333 0.453125 0.0485 0.12825
1 0.16366666666666665 0.45375 0.066 0.1795
1 0.24041666666666667 0.464625 0.0935 0.20775
0 0.3408333333333333 0.461875 0.10733333333333334 0.19125
0 0.1155 0.5195 0.07833333333333334 0.074
0 0.17125 0.570125 0.05516666666666667 0.07925
0 0.2325 0.607625 0.082 0.11725
0 0.31875 0.61625 0.09483333333333334 0.137
0 0.4665 0.435375 0.15 0.23375
0 0.6165 0.430375 0.15433333333333332 0.22375
0 0.7466666666666667 0.457625 0.10433333333333333 0.18275
1 0.839 0.448875 0.08033333333333334 0.23025
0 0.409 0.627125 0.1 0.17175
0 0.5110833333333333 0.624375 0.09416666666666666 0.17075
0 0.60825 0.62275 0.0985 0.176
0 0.7035 0.621125 0.08766666666666667 0.17925
1 0.7886666666666666 0.6265 0.07966666666666666 0.1815
1 0.8560833333333333 0.6 0.06816666666666667 0.124
