2 0.22816666666666666 0.427125 0.07033333333333333 0.09775
1 0.28933333333333333 0.463 0.05366666666666667 0.113
0 0.3485 0.46625 0.07033333333333333 0.137
0 0.34191666666666665 0.549375 0.07316666666666667 0.07275
1 0.2619166666666667 0.513 0.0855 0.0825
0 0.43 0.4745 0.09133333333333334 0.1555
1 0.5263333333333333 0.471125 0.09433333333333334 0.14675
1 0.6325 0.445 0.11666666666666667 0.188
0 0.7434166666666666 0.443 0.1065 0.175
1 0.8306666666666667 0.4565 0.06233333333333333 0.137
1 0.8825 0.442875 0.04566666666666667 0.17725
0 0.4940833333333333 0.592875 0.08183333333333333 0.12275
0 0.41083333333333333 0.57725 0.08333333333333333 0.1065
0 0.5766666666666667 0.593375 0.08333333333333333 0.14575
0 0.6556666666666666 0.595625 0.07466666666666667 0.13925
0 0.7289166666666667 0.59025 0.07316666666666667 0.1325
1 0.7948333333333333 0.587 0.058666666666666666 0.1305
1 0.8434166666666667 0.588125 0.04416666666666667 0.12825
2 0.881 0.569 0.025333333333333333 0.0815
