0 0.06462711549190998 0.40904017857142855 0.019899572252185232 0.14508928571428573
0 0.09075692765482611 0.4175502232142857 0.037939371396689604 0.17271205357142858
1 0.13725125534684768 0.416015625 0.062116421796540824 0.16741071428571427
1 0.22196392040171098 0.39453125 0.11735168309466246 0.20814732142857142
1 0.34322112702250324 0.40318080357142855 0.12665054863306677 0.19754464285714285
1 0.4659661521294402 0.43973214285714285 0.10730890831318579 0.16741071428571427
1 0.5768086293472197 0.42885044642857145 0.10433327134089641 0.20814732142857142
1 0.6686814208666543 0.45089285714285715 0.07941231169797285 0.14899553571428573
0 0.6622652036451553 0.5323660714285714 0.0007439092430723452 0.0011160714285714285
1 0.7424214245862005 0.44656808035714285 0.0650920587688302 0.11467633928571429
2 0.7982146178166264 0.41922433035714285 0.053561465501208855 0.09235491071428571
1 0.10758787427933791 0.5372488839285714 0.03998512181513855 0.10072544642857142
1 0.14469034777757114 0.5491071428571429 0.045750418448949226 0.13504464285714285
1 0.19732192672493956 0.5700334821428571 0.0665798772549749 0.15569196428571427
0 0.2663195090198996 0.5645926339285714 0.07439092430723451 0.14481026785714285
0 0.34759159382555327 0.5666852678571429 0.08368978984563884 0.15345982142857142
0 0.4355588618188581 0.5689174107142857 0.08517760833178352 0.17689732142857142
1 0.5289194718244374 0.578125 0.09150083689789845 0.17801339285714285
1 0.6201413427561837 0.5662667410714286 0.08796726799330482 0.15262276785714285
0 0.6912776641249767 0.5453404017857143 0.07587874279337921 0.09123883928571429
2 0.7748744653152315 0.5013950892857143 0.09577831504556444 0.07198660714285714
