4 0.5685 0.40325 0.156 0.266
4 0.41733333333333333 0.4005 0.15066666666666667 0.2625
4 0.7014166666666667 0.37775 0.1115 0.2285
4 0.29083333333333333 0.40325 0.10833333333333334 0.209
1 0.19008333333333333 0.3885 0.10383333333333333 0.225
0 0.1075 0.37375 0.06733333333333333 0.216
0 0.05975 0.344125 0.05683333333333333 0.16825
1 0.7991666666666667 0.31125 0.116 0.2545
2 0.8805 0.32425 0.05 0.242
0 0.9325 0.325375 0.03866666666666667 0.15575
2 0.08091666666666666 0.50325 0.03716666666666667 0.107
2 0.12791666666666668 0.540125 0.044833333333333336 0.13075
2 0.18325 0.57375 0.0795 0.1795
3 0.2753333333333333 0.59075 0.103 0.2225
4 0.36991666666666667 0.60325 0.11216666666666666 0.218
4 0.4646666666666667 0.614125 0.10466666666666667 0.21475
4 0.5665 0.60725 0.10533333333333333 0.1875
4 0.66425 0.585 0.09916666666666667 0.216
2 0.7533333333333333 0.57775 0.09233333333333334 0.2285
2 0.83325 0.52425 0.0855 0.1695
0 0.8885 0.48675 0.050666666666666665 0.124
