2 0.16001890359168242 0.8547929665343165 0.16578449905482043 0.2541123085649461
1 0.17901701323251418 0.6616562677254679 0.13950850661625708 0.158252977878616
0 0.21720226843100188 0.5090754395916052 0.13459357277882797 0.1735677821894498
0 0.25860113421550096 0.35138967668746457 0.10396975425330812 0.17867271695972772
0 0.34149338374291116 0.25865002836074874 0.10680529300567108 0.16165626772546796
0 0.4495274102079395 0.21341463414634146 0.12362948960302457 0.17101531480431084
0 0.5756143667296786 0.2189449801474759 0.12438563327032136 0.1820760068065797
0 0.6729678638941399 0.28431650595575725 0.11417769376181475 0.18859897901304595
0 0.7512287334593573 0.3906693136698809 0.10472589792060491 0.1766874645490641
1 0.7879017013232514 0.5423993193420307 0.13610586011342155 0.1766874645490641
1 0.8170132325141777 0.7009359047078842 0.1387523629489603 0.15173000567214975
1 0.8398865784499054 0.8684061259217243 0.15992438563327033 0.20703346568349404
