1 0.23466666666666666 0.460875 0.04566666666666667 0.12375
1 0.2618333333333333 0.456 0.04066666666666666 0.136
2 0.30025 0.430875 0.07383333333333333 0.16625
2 0.37483333333333335 0.430375 0.07966666666666666 0.18475
0 0.4615 0.436375 0.10066666666666667 0.17075
0 0.564 0.4495 0.09566666666666666 0.162
0 0.65175 0.439125 0.07683333333333334 0.15225
0 0.7216666666666667 0.41625 0.058666666666666666 0.1565
0 0.7579166666666667 0.44825 0.0355 0.125
0 0.785 0.448375 0.026 0.09875
1 0.3571666666666667 0.56025 0.07466666666666667 0.138
1 0.3006666666666667 0.564 0.04566666666666667 0.1
1 0.25816666666666666 0.56525 0.03333333333333333 0.087
1 0.4256666666666667 0.55375 0.058 0.099
0 0.48391666666666666 0.55925 0.0615 0.088
0 0.5455 0.556 0.05433333333333333 0.062
0 0.6093333333333333 0.5435 0.058666666666666666 0.087
1 0.6741666666666667 0.557125 0.06366666666666666 0.16625
0 0.7419166666666667 0.581 0.0775 0.1425
