0 0.19225 0.440125 0.05516666666666667 0.11525
0 0.25458333333333333 0.4265 0.07383333333333333 0.1685
0 0.33866666666666667 0.438 0.097 0.1675
0 0.4365 0.454375 0.103 0.16075
0 0.5274166666666666 0.451125 0.07316666666666667 0.14775
0 0.6046666666666667 0.42825 0.07533333333333334 0.152
0 0.6545833333333333 0.451625 0.050833333333333335 0.12725
0 0.6965833333333333 0.451125 0.036166666666666666 0.10225
0 0.24366666666666667 0.526125 0.06666666666666667 0.10225
0 0.30716666666666664 0.529375 0.06166666666666667 0.04125
0 0.3690833333333333 0.54175 0.0565 0.0555
1 0.55675 0.537375 0.06816666666666667 0.15325
0 0.6458333333333334 0.561875 0.06666666666666667 0.10225
1 0.5959166666666667 0.5305 0.0245 0.0935
