6 0.28725 0.749375 0.13916666666666666 0.15975
0 0.3235 0.893375 0.07533333333333334 0.10425
0 0.40675 0.865125 0.08983333333333333 0.12175
0 0.5075 0.855875 0.113 0.12925
0 0.6253333333333333 0.860375 0.11666666666666667 0.12275
0 0.7270833333333333 0.861375 0.08683333333333333 0.10325
0 0.8056666666666666 0.8755 0.06733333333333333 0.101
3 0.30825 0.62875 0.11583333333333333 0.1315
1 0.34408333333333335 0.5375 0.12683333333333333 0.1315
1 0.33216666666666667 0.40275 0.08833333333333333 0.162
0 0.40425 0.343375 0.08483333333333333 0.13475
0 0.5030833333333333 0.32875 0.11016666666666666 0.1555
0 0.6121666666666666 0.32275 0.11233333333333333 0.15
0 0.71075 0.3445 0.08483333333333333 0.126
0 0.7734166666666666 0.4005 0.0985 0.164
2 0.7846666666666666 0.526625 0.124 0.12925
2 0.8169166666666666 0.619 0.11583333333333333 0.127
4 0.8419166666666666 0.717375 0.13683333333333333 0.16325
