4 0.16366666666666665 0.7745 0.13266666666666665 0.188
6 0.21441666666666667 0.622875 0.14416666666666667 0.19125
6 0.2589166666666667 0.499375 0.10583333333333333 0.14675
4 0.7498333333333334 0.780375 0.12533333333333332 0.17825
6 0.7328333333333333 0.612 0.13633333333333333 0.176
2 0.7578333333333334 0.46675 0.092 0.1575
2 0.6825 0.430375 0.10366666666666667 0.12175
0 0.6854166666666667 0.3375 0.07316666666666667 0.099
0 0.6249166666666667 0.342375 0.07683333333333334 0.11725
0 0.54875 0.308125 0.07683333333333334 0.10525
0 0.4785 0.280375 0.07833333333333334 0.10425
0 0.4190833333333333 0.313625 0.0885 0.14025
1 0.33616666666666667 0.29825 0.08333333333333333 0.138
1 0.2965833333333333 0.399375 0.0985 0.15325
0 0.3194166666666667 0.9445 0.0875 0.111
0 0.40791666666666665 0.9245 0.08916666666666667 0.151
0 0.46975 0.942875 0.07683333333333334 0.11425
0 0.54525 0.93575 0.07683333333333334 0.113
0 0.6230833333333333 0.935875 0.08183333333333333 0.11525
0 0.6883333333333334 0.964625 0.06733333333333333 0.07075
