2 0.058583333333333334 0.424375 0.029833333333333333 0.12275
2 0.09408333333333334 0.442375 0.0515 0.12175
2 0.13758333333333334 0.4635 0.058833333333333335 0.1425
2 0.18291666666666667 0.452125 0.06816666666666667 0.15225
1 0.24808333333333332 0.4445 0.0755 0.1545
1 0.3234166666666667 0.420125 0.09716666666666667 0.17075
1 0.43616666666666665 0.4135 0.11666666666666667 0.188
1 0.5571666666666667 0.4135 0.11966666666666667 0.188
1 0.66 0.4195 0.08766666666666667 0.1675
1 0.7325 0.420625 0.058666666666666666 0.17625
1 0.78075 0.439625 0.05216666666666667 0.14675
1 0.8125833333333333 0.448875 0.042166666666666665 0.13475
2 0.8530833333333333 0.42325 0.04783333333333333 0.1315
2 0.11225 0.558125 0.06883333333333333 0.10775
1 0.17091666666666666 0.57225 0.042833333333333334 0.101
1 0.2325 0.557625 0.08033333333333334 0.11725
0 0.30566666666666664 0.5495 0.06733333333333333 0.0945
0 0.37566666666666665 0.53425 0.084 0.1205
0 0.4524166666666667 0.525625 0.07816666666666666 0.05325
1 0.52925 0.5315 0.0755 0.0695
0 0.6038333333333333 0.52775 0.07533333333333334 0.099
0 0.67525 0.53475 0.06316666666666666 0.085
1 0.73975 0.553125 0.06883333333333333 0.12175
2 0.82525 0.538625 0.058833333333333335 0.11625
1 0.7839166666666667 0.558125 0.028166666666666666 0.09875
