0 0.09558333333333334 0.404875 0.1065 0.13825
1 0.20491666666666666 0.405375 0.11383333333333333 0.18275
1 0.3155 0.424375 0.103 0.16425
1 0.41875 0.42275 0.10083333333333333 0.1805
1 0.38466666666666666 0.54125 0.08766666666666667 0.1325
0 0.30025 0.533125 0.07983333333333334 0.11175
1 0.21691666666666667 0.523375 0.06516666666666666 0.08375
1 0.15383333333333332 0.5065 0.058 0.065
1 0.48033333333333333 0.5505 0.089 0.1665
1 0.42125 0.42175 0.1015 0.1825
1 0.5096666666666667 0.43375 0.09266666666666666 0.15
0 0.5814166666666667 0.442875 0.0725 0.12275
0 0.559 0.551625 0.06666666666666667 0.13375
3 0.6709166666666667 0.405375 0.10216666666666667 0.14125
3 0.6560833333333334 0.526 0.11016666666666666 0.1325
2 0.7499166666666667 0.480375 0.0775 0.11075
3 0.7516666666666667 0.385875 0.059333333333333335 0.09125
