4 0.7173333333333334 0.425875 0.13866666666666666 0.25225
4 0.8381666666666666 0.39925 0.11366666666666667 0.2535
4 0.5851666666666666 0.439625 0.11966666666666667 0.20675
1 0.451 0.44075 0.144 0.2385
2 0.32758333333333334 0.446375 0.11516666666666667 0.21125
2 0.22791666666666666 0.41975 0.10683333333333334 0.1715
3 0.12866666666666668 0.4055 0.10833333333333334 0.116
2 0.08241666666666667 0.481625 0.09016666666666667 0.10925
5 0.20066666666666666 0.554375 0.134 0.17025
2 0.3139166666666667 0.597 0.1015 0.165
2 0.423 0.629375 0.10466666666666667 0.20925
3 0.5503333333333333 0.627125 0.11966666666666667 0.23625
0 0.6601666666666667 0.62825 0.08933333333333333 0.175
0 0.7426666666666667 0.62475 0.06366666666666666 0.15
0 0.8173333333333334 0.61175 0.04766666666666667 0.1555
0 0.8798333333333334 0.579375 0.03933333333333333 0.12725
0 0.92525 0.557875 0.0395 0.15225
2 0.91125 0.372 0.05516666666666667 0.2035
1 0.94075 0.28675 0.043166666666666666 0.2195
