3 0.17991666666666667 0.396125 0.060833333333333336 0.10125
1 0.184 0.468375 0.058666666666666666 0.07175
3 0.25525 0.420125 0.08116666666666666 0.13575
2 0.27016666666666667 0.533125 0.11233333333333333 0.11625
1 0.334 0.463625 0.079 0.13375
1 0.4075 0.470125 0.08833333333333333 0.14025
0 0.36075 0.568875 0.0745 0.09675
0 0.4474166666666667 0.574875 0.09416666666666666 0.13475
1 0.5005833333333334 0.480875 0.0935 0.16625
0 0.5988333333333333 0.4755 0.10433333333333333 0.1665
1 0.7104166666666667 0.46575 0.1145 0.1795
1 0.8209166666666666 0.464625 0.1035 0.12925
0 0.5408333333333334 0.5885 0.081 0.101
0 0.62925 0.573875 0.07983333333333334 0.11525
0 0.7726666666666666 0.55325 0.06233333333333333 0.0565
0 0.835 0.554375 0.04933333333333333 0.04575
1 0.69875 0.564625 0.060833333333333336 0.03375
