1 0.14808333333333334 0.437 0.060833333333333336 0.187
0 0.21258333333333335 0.399375 0.11316666666666667 0.20975
0 0.322 0.420125 0.10866666666666666 0.17725
0 0.4285 0.38975 0.12766666666666668 0.225
0 0.55425 0.405875 0.12383333333333334 0.22075
0 0.6756666666666666 0.37775 0.113 0.199
0 0.7709166666666667 0.3755 0.09916666666666667 0.212
0 0.8346666666666667 0.391875 0.05566666666666667 0.17075
0 0.88075 0.4 0.05216666666666667 0.102
0 0.9183333333333333 0.383625 0.03333333333333333 0.07825
0 0.30641666666666667 0.536875 0.08183333333333333 0.12825
0 0.18908333333333333 0.532 0.0935 0.0685
0 0.4028333333333333 0.508625 0.07466666666666667 0.05425
0 0.656 0.504875 0.07533333333333334 0.09025
1 0.74375 0.529875 0.08416666666666667 0.14475
0 0.8056666666666666 0.52875 0.05433333333333333 0.1425
3 0.8531666666666666 0.521625 0.06233333333333333 0.12175
