1 0.29483333333333334 0.38425 0.121 0.1945
0 0.21833333333333332 0.432125 0.071 0.09675
0 0.21983333333333333 0.494 0.06533333333333333 0.06
0 0.41333333333333333 0.392875 0.116 0.20325
0 0.5270833333333333 0.377125 0.10583333333333333 0.18275
0 0.62925 0.368375 0.11316666666666667 0.20425
1 0.71075 0.395 0.07016666666666667 0.1555
1 0.6169166666666667 0.516875 0.09283333333333334 0.14025
0 0.6945 0.515625 0.06666666666666667 0.15325
3 0.7644166666666666 0.514625 0.0935 0.13575
2 0.8070833333333334 0.3995 0.07316666666666667 0.112
0 0.75025 0.417375 0.03916666666666667 0.11075
1 0.8698333333333333 0.380875 0.05366666666666667 0.09675
3 0.8419166666666666 0.461375 0.0805 0.09025
