4 0.19016666666666668 0.81675 0.142 0.199
3 0.2235 0.6755 0.13766666666666666 0.1835
2 0.24916666666666668 0.5565 0.11233333333333333 0.1305
2 0.25533333333333336 0.4245 0.116 0.151
1 0.2843333333333333 0.301 0.1 0.1175
1 0.36 0.251625 0.095 0.09875
1 0.46258333333333335 0.238 0.10716666666666666 0.1065
0 0.572 0.219 0.11 0.1185
1 0.66 0.2635 0.09933333333333333 0.1055
1 0.755 0.298875 0.108 0.14575
2 0.7785833333333333 0.445625 0.12316666666666666 0.14575
2 0.78575 0.57925 0.12183333333333334 0.1195
3 0.7831666666666667 0.717375 0.14133333333333334 0.15225
4 0.8234166666666667 0.8265 0.1435 0.162
