1 0.17816666666666667 0.75975 0.15133333333333332 0.2175
4 0.20966666666666667 0.564625 0.14633333333333334 0.21625
2 0.25825 0.427125 0.12616666666666668 0.13025
1 0.2644166666666667 0.3445 0.1065 0.148
1 0.27266666666666667 0.2065 0.084 0.163
0 0.35891666666666666 0.19675 0.0855 0.1195
0 0.443 0.175 0.07666666666666666 0.1325
0 0.51875 0.162375 0.06883333333333333 0.13375
0 0.5948333333333333 0.1815 0.092 0.1325
1 0.6770833333333334 0.189125 0.0855 0.16975
3 0.6393333333333333 0.34725 0.09566666666666666 0.123
2 0.7143333333333334 0.295125 0.11233333333333333 0.15975
4 0.74775 0.44125 0.1645 0.2325
4 0.7984166666666667 0.629875 0.1515 0.20525
4 0.8448333333333333 0.797875 0.12233333333333334 0.19775
