1 0.14991666666666667 0.364625 0.03983333333333333 0.10775
0 0.1865 0.394 0.03766666666666667 0.101
1 0.21983333333333333 0.4005 0.055 0.149
1 0.2748333333333333 0.398375 0.06666666666666667 0.17075
0 0.34741666666666665 0.4065 0.08116666666666666 0.1915
0 0.4538333333333333 0.405875 0.12466666666666666 0.22925
0 0.5814166666666667 0.392375 0.1245 0.23675
0 0.6821666666666667 0.41625 0.06666666666666667 0.1825
0 0.7611666666666667 0.357 0.08833333333333333 0.214
0 0.8314166666666667 0.34725 0.05216666666666667 0.175
1 0.9006666666666666 0.30325 0.03266666666666666 0.1
2 0.8415833333333333 0.46525 0.0725 0.087
0 0.7860833333333334 0.484125 0.07316666666666667 0.10975
0 0.722 0.492375 0.07966666666666666 0.16325
0 0.6354166666666666 0.543375 0.0805 0.10425
0 0.5408333333333334 0.533625 0.06966666666666667 0.09125
0 0.4459166666666667 0.54625 0.06816666666666667 0.088
0 0.3636666666666667 0.544 0.07766666666666666 0.1055
0 0.28833333333333333 0.533 0.07166666666666667 0.125
1 0.18216666666666667 0.4745 0.07966666666666666 0.088
0 0.23391666666666666 0.5055 0.06016666666666667 0.1
