1 0.5313333333333333 0.413 0.15166666666666667 0.2625
1 0.39458333333333334 0.452625 0.11583333333333333 0.25125
4 0.2673333333333333 0.464 0.14633333333333334 0.2535
4 0.15183333333333332 0.435125 0.11066666666666666 0.25675
1 0.0715 0.3965 0.06066666666666667 0.2
2 0.65975 0.431625 0.1205 0.24775
0 0.776 0.449375 0.11066666666666666 0.13975
0 0.8953333333333333 0.42775 0.13266666666666665 0.167
0 0.10216666666666667 0.6095 0.04933333333333333 0.1555
0 0.15066666666666667 0.618625 0.052333333333333336 0.13975
0 0.20516666666666666 0.637875 0.072 0.16925
0 0.28358333333333335 0.664 0.07583333333333334 0.149
0 0.37266666666666665 0.66175 0.09766666666666667 0.1965
2 0.49075 0.661125 0.11283333333333333 0.26825
2 0.6131666666666666 0.62325 0.12566666666666668 0.2375
2 0.7359166666666667 0.59125 0.1075 0.1625
6 0.862 0.557875 0.15233333333333332 0.12275
