0 0.22416666666666665 0.411375 0.052333333333333336 0.10975
1 0.29591666666666666 0.46025 0.0855 0.114
2 0.24341666666666667 0.5125 0.08183333333333333 0.086
2 0.3445 0.554875 0.12166666666666667 0.10325
1 0.3745833333333333 0.49725 0.06883333333333333 0.1055
1 0.44808333333333333 0.49825 0.0885 0.1445
1 0.4375833333333333 0.5825 0.08616666666666667 0.0935
0 0.5361666666666667 0.488 0.09933333333333333 0.1675
0 0.5274166666666666 0.588 0.09483333333333334 0.148
0 0.6436666666666667 0.483125 0.10866666666666666 0.19025
0 0.61725 0.59825 0.08616666666666667 0.138
0 0.7578333333333334 0.47275 0.124 0.2195
0 0.8763333333333333 0.4435 0.113 0.226
0 0.97875 0.382 0.0425 0.2205
0 0.94125 0.448375 0.031166666666666665 0.16425
0 0.714 0.585875 0.06666666666666667 0.10875
