0 0.07883333333333334 0.495625 0.03266666666666666 0.15425
0 0.10175 0.498875 0.03183333333333333 0.18275
0 0.15608333333333332 0.502125 0.10283333333333333 0.22175
0 0.264 0.492375 0.12033333333333333 0.22625
0 0.37883333333333336 0.518 0.10066666666666667 0.1685
0 0.4875833333333333 0.45975 0.1095 0.2215
1 0.5948333333333333 0.451625 0.08633333333333333 0.18575
0 0.12375 0.620625 0.026833333333333334 0.05425
0 0.15825 0.632625 0.036166666666666666 0.05225
0 0.21516666666666667 0.63575 0.05 0.0805
0 0.29233333333333333 0.624375 0.058 0.08575
0 0.38433333333333336 0.61525 0.10433333333333333 0.1675
0 0.49083333333333334 0.58425 0.10866666666666666 0.1295
1 0.5945 0.5755 0.10433333333333333 0.1185
1 0.6553333333333333 0.48475 0.056666666666666664 0.1065
3 0.7016666666666667 0.537375 0.116 0.08375
2 0.7346666666666667 0.45 0.09633333333333334 0.113
2 0.8158333333333333 0.39675 0.066 0.111
1 0.7995833333333333 0.4875 0.0855 0.075
