4 0.2608333333333333 0.8135 0.121 0.186
4 0.28791666666666665 0.627125 0.1275 0.20875
1 0.32958333333333334 0.483 0.1035 0.125
1 0.3705 0.368875 0.087 0.14675
0 0.42633333333333334 0.278125 0.07833333333333334 0.12825
0 0.49116666666666664 0.235875 0.06166666666666667 0.10425
0 0.5531666666666667 0.24025 0.061 0.0935
0 0.62125 0.272875 0.0725 0.12825
0 0.6835833333333333 0.351 0.0885 0.1435
2 0.722 0.458125 0.1 0.12925
3 0.7524166666666666 0.606 0.12316666666666666 0.201
4 0.7933333333333333 0.779875 0.121 0.19475
