3 0.24916666666666668 0.1555 0.108 0.137
2 0.28358333333333335 0.294625 0.1175 0.18475
1 0.3104166666666667 0.436375 0.1015 0.12075
2 0.34008333333333335 0.5565 0.10716666666666666 0.1325
0 0.36941666666666667 0.678125 0.0805 0.12825
1 0.42533333333333334 0.76625 0.08333333333333333 0.1325
0 0.4955 0.824375 0.092 0.12725
0 0.5900833333333333 0.82925 0.09416666666666666 0.126
0 0.6513333333333333 0.75375 0.076 0.1055
0 0.7176666666666667 0.698875 0.084 0.13925
2 0.7480833333333333 0.591375 0.10583333333333333 0.12825
1 0.7473333333333333 0.4685 0.10433333333333333 0.126
3 0.7675833333333333 0.3135 0.11883333333333333 0.186
4 0.7973333333333333 0.17325 0.113 0.1815
