2 0.11891087002765369 0.44208679004467133 0.05147840884918103 0.13305679642629228
2 0.1662412252712189 0.5614231014677729 0.09040629653265263 0.11199744735162731
1 0.1893214209742608 0.4739948947032546 0.06892150606253988 0.15092533503509892
1 0.2513295043607743 0.4652201659221442 0.06105084024675601 0.13975749840459475
1 0.33928951286960224 0.4883535417996171 0.11231652839821314 0.2013401403956605
0 0.45809402254839393 0.4806955966815571 0.1372048500319081 0.2849393746011487
0 0.5967879174643693 0.48276962348436503 0.13124867049563924 0.2431397574984046
0 0.7160178685386088 0.46952776005105296 0.11018932142097426 0.18602425015954052
0 0.7907891937885556 0.43538608806636886 0.054243777919591576 0.09349074664964901
0 0.847266539034248 0.43825781748564135 0.07487768559880877 0.17581365666879387
0 0.8171665603063178 0.536215698787492 0.06019995745586045 0.11646458200382898
0 0.7449478834290576 0.5427568602425016 0.0872154860667943 0.15634971282705806
0 0.6602850457349501 0.5960433950223357 0.062965326526271 0.1244416081684748
0 0.5645607317592002 0.6054562858966177 0.07275047862156987 0.08774728781110402
0 0.4812805786002978 0.612635609444799 0.06913422676026378 0.1001914486279515
0 0.39108700276536906 0.6180599872367581 0.06019995745586045 0.10657306955966815
0 0.3022761114656456 0.597319719208679 0.07487768559880877 0.13975749840459475
2 0.2429270368006807 0.6076898532227186 0.042544139544777704 0.1496490108487556
