0 0.09916666666666667 0.408125 0.06433333333333334 0.19025
0 0.06833333333333333 0.366875 0.021666666666666667 0.09025
0 0.18283333333333332 0.413 0.097 0.263
0 0.3020833333333333 0.45975 0.14283333333333334 0.2435
0 0.4379166666666667 0.4875 0.11883333333333333 0.1795
0 0.5473333333333333 0.4695 0.07533333333333334 0.087
0 0.6411666666666667 0.5005 0.095 0.1705
0 0.7121666666666666 0.50325 0.066 0.113
0 0.78 0.460875 0.07533333333333334 0.10875
0 0.61975 0.579375 0.08116666666666666 0.11525
0 0.5238333333333334 0.5625 0.108 0.1795
0 0.41441666666666666 0.575625 0.08183333333333333 0.15325
0 0.32708333333333334 0.56575 0.08416666666666667 0.127
0 0.24625 0.55425 0.0515 0.1305
