2 0.1494345718901454 0.13405028779157832 0.16518578352180938 0.22508330808845806
4 0.19133683360258483 0.2952135716449561 0.15367528271405492 0.20993638291426842
3 0.2202140549273021 0.48788245986064827 0.143578352180937 0.17721902453801877
2 0.25615912762520193 0.6420781581338988 0.07855411954765751 0.15056043623144502
2 0.3550080775444265 0.7443199030596789 0.11187399030694668 0.15813389881853984
2 0.4795032310177706 0.8324750075734626 0.13267366720516963 0.19569827325053013
1 0.6056138933764136 0.8021811572250833 0.13408723747980614 0.1635867918812481
1 0.7267770597738288 0.728112693123296 0.11833602584814217 0.1299606179945471
0 0.7909935379644588 0.6328385337776431 0.06623586429725363 0.11026961526810057
0 0.8133077544426495 0.4807634050287792 0.13832794830371567 0.17206906997879431
1 0.8223949919224556 0.33535292335655864 0.143578352180937 0.1338988185398364
2 0.836126817447496 0.1758558012723417 0.17386914378029078 0.21963041502574976
