6 0.8643333333333333 0.91975 0.15233333333333332 0.1535
5 0.8438333333333333 0.750375 0.14466666666666667 0.20125
1 0.8215 0.572 0.12733333333333333 0.135
2 0.78325 0.428875 0.13116666666666665 0.13525
1 0.7351666666666666 0.282875 0.11666666666666667 0.17275
1 0.6570833333333334 0.183375 0.09383333333333334 0.15325
1 0.5570833333333334 0.12825 0.12283333333333334 0.182
1 0.4355 0.123125 0.122 0.18075
1 0.3355 0.16925 0.09933333333333333 0.1455
2 0.26766666666666666 0.282875 0.12733333333333333 0.17725
1 0.22225 0.414625 0.13183333333333333 0.15925
2 0.1885 0.557875 0.13266666666666665 0.15675
5 0.1745 0.741875 0.138 0.22025
6 0.15025 0.902125 0.14083333333333334 0.17025
