4 0.11885678126977431 0.7143309079405251 0.1925754060324826 0.2999050933248972
1 0.17696688462349716 0.5109142676368238 0.14469521198059482 0.1879152167035748
4 0.8381143218730226 0.8446694084150586 0.1883568867327568 0.22904144258146156
0 0.8105884834423117 0.6385637456501108 0.16072558531955283 0.176842771274913
0 0.7854882936089432 0.4585574185384372 0.13963298882092384 0.18570072761784245
0 0.7487871757013288 0.28614362543498895 0.12444631934191099 0.1787409047769693
0 0.6694790128664838 0.19234419487503954 0.10546298249314491 0.152483391331857
1 0.5817338114321873 0.1542233470420753 0.10040075933347395 0.15469788041758936
0 0.479645644378823 0.15485605820942738 0.10124446319341911 0.16039228092375832
0 0.3767137734655136 0.1732046820626384 0.10166631512339169 0.16039228092375832
1 0.28833579413625815 0.24311926605504589 0.12275891162202067 0.1907624169566593
1 0.22368698586796035 0.3886428345460297 0.13309428390634886 0.20278392913634927
