0 0.08105629928479736 0.3634112792297111 0.03154227030992114 0.13645116918844566
1 0.10966440491472584 0.377716643741403 0.040344764349899136 0.1518569463548831
3 0.1536768751146158 0.4030261348005502 0.05648267008985879 0.1716643741403026
2 0.30662020905923343 0.3843191196698762 0.09976159911975059 0.20907840440165062
2 0.6909957821382725 0.39917469050894083 0.09389326975976527 0.1969738651994498
2 0.8630111865028425 0.377716643741403 0.07702182284980745 0.18707015130674004
2 0.922428021272694 0.35845942228335625 0.041811846689895474 0.15515818431911968
1 0.7907573812580231 0.3733149931224209 0.09976159911975059 0.24869325997248967
0 0.5721621125985696 0.3810178817056396 0.14670823399963323 0.25089408528198076
0 0.4272877315239318 0.37111416781292983 0.14890885750962773 0.2729023383768913
1 0.23289932147441775 0.5570839064649243 0.08142306986979644 0.16286107290233837
1 0.31909040894920226 0.5570839064649243 0.08068952869979827 0.1716643741403026
1 0.1690812396845773 0.53232462173315 0.041811846689895474 0.12214580467675379
1 0.11516596368971209 0.508665749656121 0.06748578763983129 0.1342503438789546
1 0.4049147258389877 0.5570839064649243 0.0909591050797726 0.13865199449793672
1 0.4922061250687695 0.5543328748280605 0.08509077571978728 0.1265474552957359
0 0.5750962772785623 0.5631361760660247 0.0909591050797726 0.1265474552957359
1 0.6656886117733358 0.5466299862448418 0.08582431688978544 0.1639614855570839
2 0.7511461580781221 0.5504814305364512 0.0821566110397946 0.15405777166437415
1 0.8369704749679076 0.5147180192572215 0.08509077571978728 0.15955983493810177
1 0.9209609389326976 0.5202200825309491 0.08582431688978544 0.2013755158184319
2 0.9713002017238217 0.2833562585969739 0.0573995965523565 0.16121045392022007
