3 0.15422396856581533 0.8759004584151932 0.15782580222658807 0.21938441388343158
2 0.1829294913774285 0.5834970530451866 0.1279196681947173 0.14734774066797643
1 0.21894782798515608 0.4350032743942371 0.13010259768609475 0.16928618205631957
1 0.2579131194062432 0.3012442698100851 0.10761842392490722 0.17288801571709234
0 0.327657716655752 0.2082514734774067 0.091683038637852 0.13948919449901767
1 0.4208688059375682 0.17272429600523903 0.1191879502292076 0.1581532416502947
1 0.5438768827766863 0.1629011132940406 0.1237721021611002 0.13654223968565815
3 0.6478934730408208 0.20006548788474132 0.07727570399476097 0.1191879502292076
2 0.7173106308666231 0.2968238375900458 0.10259768609473914 0.16404715127701375
6 0.7646802008295132 0.4338572364112639 0.12573673870333987 0.17354289456450556
3 0.802226588081205 0.5703994760969221 0.122244051517136 0.15848068107400132
2 0.8268936913337699 0.748362802881467 0.15717092337917485 0.2544204322200393
3 0.839554682383759 0.9076620825147348 0.15498799388779744 0.1650294695481336
