2 0.16980925235693928 0.530417625780993 0.11247533435650077 0.19730351857941467
1 0.23931155448366587 0.6576783952647156 0.10677483008112255 0.1821769154883262
0 0.30651172988379743 0.771127918447879 0.09515457136592853 0.16310424202564947
4 0.11170795878096909 0.07365998026964814 0.1352773514580136 0.14666228214403157
0 0.36866915150186363 0.8477474514962183 0.08616531462398597 0.14140085498191385
0 0.4387195790396843 0.899868464320947 0.07454505590879193 0.10950345281157514
0 0.515128261346196 0.8895100295955278 0.07388730541547907 0.11706675435711937
0 0.5940583205437404 0.8801381124630056 0.08397281297960973 0.12726076948372245
0 0.665314623985968 0.836402499177902 0.0949353212014909 0.15554094048010522
0 0.7359131769348827 0.7454784610325551 0.11028283271212454 0.1644195988161789
3 0.7844770883578163 0.6104899704044722 0.11269458452093839 0.17329825715225256
0 0.8327121245340934 0.4383426504439329 0.16794562595921947 0.25649457415323906
2 0.8560622670467003 0.21144360407760604 0.15500986625739968 0.2630713581058862
