0 0.07383333333333333 0.367375 0.047 0.13275
0 0.11366666666666667 0.40275 0.03833333333333333 0.138
0 0.14741666666666667 0.376625 0.0565 0.15775
0 0.21733333333333332 0.37 0.08766666666666667 0.201
0 0.3155 0.37825 0.10733333333333334 0.1695
0 0.18641666666666667 0.50375 0.0855 0.1555
0 0.2698333333333333 0.510375 0.103 0.15975
0 0.43033333333333335 0.389 0.14266666666666666 0.237
0 0.57275 0.38575 0.1405 0.2195
0 0.6886666666666666 0.379875 0.09866666666666667 0.17725
0 0.7843333333333333 0.386375 0.087 0.19675
0 0.8466666666666667 0.402625 0.059333333333333335 0.18375
0 0.6821666666666667 0.514625 0.09133333333333334 0.10775
1 0.7686666666666667 0.526625 0.079 0.15975
0 0.8285 0.523875 0.042 0.11725
0 0.8886666666666667 0.407 0.039 0.1425
1 0.9230833333333334 0.388 0.04416666666666667 0.135
