0 0.15241666666666667 0.386375 0.0695 0.10525
2 0.17416666666666666 0.492875 0.097 0.10975
1 0.24233333333333335 0.427125 0.10433333333333333 0.13925
3 0.33 0.470125 0.071 0.13375
3 0.28175 0.53525 0.11816666666666667 0.101
1 0.3705833333333333 0.558125 0.07383333333333333 0.09025
0 0.4136666666666667 0.443375 0.095 0.15875
0 0.5194166666666666 0.442375 0.11383333333333333 0.18675
0 0.6371666666666667 0.45 0.113 0.1565
0 0.75275 0.457 0.1195 0.2205
0 0.8698333333333333 0.4445 0.11166666666666666 0.211
1 0.939 0.433625 0.042666666666666665 0.16075
1 0.974 0.441 0.052 0.1605
1 0.45058333333333334 0.558625 0.1195 0.17375
1 0.5600833333333334 0.5625 0.11516666666666667 0.173
