0 0.07016666666666667 0.4315 0.063 0.1695
0 0.021916666666666668 0.43075 0.0435 0.158
0 0.16216666666666665 0.45375 0.12833333333333333 0.2315
0 0.29375 0.452125 0.13483333333333333 0.22175
0 0.41475 0.43975 0.11583333333333333 0.175
0 0.5321666666666667 0.44075 0.113 0.1925
0 0.63175 0.4435 0.08616666666666667 0.1805
0 0.7089166666666666 0.439625 0.06816666666666667 0.14225
2 0.7886666666666666 0.39775 0.09566666666666666 0.15
2 0.8379166666666666 0.4515 0.09283333333333334 0.125
3 0.7368333333333333 0.513 0.11533333333333333 0.113
0 0.64375 0.552625 0.07816666666666666 0.11625
0 0.5553333333333333 0.558625 0.1 0.17175
0 0.447 0.54675 0.111 0.1545
0 0.07383333333333333 0.5685 0.076 0.113
