3 0.20633333333333334 0.273875 0.15 0.22825
2 0.2285 0.451 0.129 0.15
3 0.251 0.595125 0.12166666666666667 0.14675
2 0.27991666666666665 0.739 0.09416666666666666 0.163
0 0.3531666666666667 0.841375 0.09566666666666666 0.12825
1 0.443 0.89125 0.116 0.1585
1 0.5611666666666667 0.89725 0.116 0.164
1 0.6473333333333333 0.836375 0.097 0.14225
0 0.72375 0.75325 0.1065 0.163
1 0.7690833333333333 0.617375 0.11583333333333333 0.15425
1 0.7984166666666667 0.480375 0.12683333333333333 0.14775
2 0.8266666666666667 0.299 0.15866666666666668 0.25
