3 0.08283333333333333 0.41125 0.12133333333333333 0.2615
1 0.20975 0.39875 0.13116666666666665 0.259
2 0.3426666666666667 0.443 0.13333333333333333 0.216
2 0.48925 0.437875 0.14916666666666667 0.26925
2 0.6359166666666667 0.46975 0.13183333333333333 0.2375
2 0.7563333333333333 0.487375 0.10166666666666667 0.18875
2 0.8836666666666667 0.485 0.153 0.1705
0 0.9514166666666667 0.604875 0.0795 0.13975
2 0.8295 0.641875 0.175 0.13875
2 0.6748333333333333 0.651625 0.122 0.18975
2 0.5475833333333333 0.652125 0.14016666666666666 0.22725
2 0.41125 0.62875 0.12816666666666668 0.2285
0 0.29875 0.620875 0.0985 0.21475
0 0.21241666666666667 0.62375 0.07716666666666666 0.2295
0 0.14341666666666666 0.639 0.059166666666666666 0.2035
0 0.09083333333333334 0.617375 0.04466666666666667 0.16025
0 0.052583333333333336 0.600375 0.034833333333333334 0.12825
