6 0.112 0.1095 0.14933333333333335 0.2035
6 0.16158333333333333 0.332125 0.17883333333333334 0.23975
1 0.19383333333333333 0.51125 0.119 0.109
0 0.2275 0.64525 0.13033333333333333 0.141
0 0.295 0.77775 0.103 0.1535
1 0.3809166666666667 0.845375 0.0825 0.15675
1 0.45941666666666664 0.862375 0.07883333333333334 0.14775
1 0.5400833333333334 0.84875 0.08416666666666667 0.1385
1 0.6240833333333333 0.82025 0.09016666666666667 0.15
1 0.6953333333333334 0.732875 0.10233333333333333 0.16825
0 0.75975 0.597625 0.1295 0.17275
1 0.7911666666666667 0.44125 0.13633333333333333 0.1715
6 0.8169166666666666 0.245875 0.17283333333333334 0.23525
6 0.82675 0.068 0.16216666666666665 0.1205
