1 0.222 0.453125 0.09133333333333334 0.21525
1 0.16983333333333334 0.487375 0.06233333333333333 0.16625
0 0.31433333333333335 0.45 0.09633333333333334 0.189
0 0.4111666666666667 0.43375 0.12466666666666666 0.2195
0 0.5375833333333333 0.439625 0.1195 0.21425
0 0.6295833333333334 0.4505 0.08183333333333333 0.1835
1 0.7118333333333333 0.439125 0.07966666666666666 0.21075
1 0.2125 0.603875 0.071 0.14025
1 0.28683333333333333 0.582 0.08033333333333334 0.1555
1 0.36475 0.57825 0.07383333333333333 0.1085
0 0.4434166666666667 0.57225 0.0805 0.1465
0 0.5235 0.581 0.07533333333333334 0.1075
0 0.5980833333333333 0.58575 0.0695 0.1195
1 0.672 0.586375 0.07966666666666666 0.16825
