1 0.13616666666666666 0.39075 0.095 0.1445
1 0.24116666666666667 0.457 0.105 0.1685
1 0.32666666666666666 0.48525 0.07166666666666667 0.164
1 0.3963333333333333 0.4755 0.08333333333333333 0.201
1 0.49625 0.471125 0.13116666666666665 0.25325
0 0.626 0.488625 0.12833333333333333 0.22725
0 0.7549166666666667 0.486375 0.14716666666666667 0.26625
0 0.8948333333333334 0.5005 0.14133333333333334 0.2445
1 0.5419166666666667 0.628125 0.11383333333333333 0.21525
1 0.42916666666666664 0.637 0.10433333333333333 0.174
1 0.24916666666666668 0.5755 0.13833333333333334 0.125
0 0.339 0.60375 0.076 0.1165
1 0.6491666666666667 0.64825 0.09633333333333334 0.1555
0 0.747 0.65325 0.095 0.1415
