0 0.076 0.490625 0.14566666666666667 0.24675
0 0.22158333333333333 0.48575 0.1515 0.2565
0 0.35275 0.482 0.11516666666666667 0.2205
1 0.47558333333333336 0.446625 0.12316666666666666 0.27175
1 0.438 0.62925 0.10866666666666666 0.2195
1 0.535 0.620625 0.08266666666666667 0.15425
1 0.5665833333333333 0.470125 0.07316666666666667 0.19225
1 0.6789166666666666 0.57225 0.12683333333333333 0.101
2 0.6818333333333333 0.454375 0.08766666666666667 0.16075
0 0.618 0.49125 0.05733333333333333 0.152
1 0.3325 0.63425 0.09333333333333334 0.162
1 0.23683333333333334 0.644 0.092 0.136
