3 0.18208333333333335 0.755375 0.15216666666666667 0.18475
4 0.23466666666666666 0.631375 0.153 0.22825
2 0.2658333333333333 0.49725 0.124 0.1335
1 0.27891666666666665 0.368875 0.1195 0.15325
1 0.29841666666666666 0.226125 0.1095 0.15425
0 0.38033333333333336 0.164125 0.09333333333333334 0.12625
0 0.4676666666666667 0.117375 0.11733333333333333 0.14575
0 0.5814166666666667 0.10975 0.1145 0.15
0 0.6553333333333333 0.171125 0.09866666666666667 0.13575
0 0.7194166666666667 0.243375 0.09783333333333333 0.15425
2 0.7415833333333334 0.392375 0.11883333333333333 0.15225
2 0.7556666666666667 0.51675 0.121 0.125
3 0.7726666666666666 0.652625 0.14933333333333335 0.21625
3 0.8223333333333334 0.77175 0.13833333333333334 0.189
4 0.8394166666666667 0.8945 0.12183333333333334 0.124
