4 0.16333333333333333 0.789625 0.14633333333333334 0.19025
3 0.20425 0.6185 0.16016666666666668 0.213
2 0.24591666666666667 0.493 0.1275 0.138
2 0.26 0.379875 0.108 0.17075
1 0.3119166666666667 0.289125 0.08116666666666666 0.16075
0 0.3854166666666667 0.244 0.08616666666666667 0.1445
0 0.4509166666666667 0.1995 0.07683333333333334 0.125
0 0.5281666666666667 0.196625 0.07766666666666666 0.14125
0 0.59625 0.22 0.08616666666666667 0.149
0 0.6774166666666667 0.231 0.0775 0.149
0 0.6998333333333333 0.329875 0.11233333333333333 0.17725
1 0.7118333333333333 0.451625 0.13033333333333333 0.13375
2 0.7524166666666666 0.575 0.1535 0.213
3 0.7973333333333333 0.7575 0.15066666666666667 0.213
