2 0.16676136363636362 0.44943181818181815 0.042234848484848486 0.12443181818181819
2 0.20861742424242424 0.4565340909090909 0.05890151515151515 0.14545454545454545
1 0.26865530303030305 0.4636363636363636 0.07291666666666667 0.175
1 0.34299242424242427 0.45269886363636364 0.07727272727272727 0.1747159090909091
1 0.4394886363636364 0.44176136363636365 0.11875 0.20113636363636364
1 0.5589962121212121 0.4375 0.11723484848484848 0.21420454545454545
1 0.6613636363636364 0.4342329545454545 0.0875 0.1877840909090909
1 0.7392992424242424 0.4271306818181818 0.06837121212121212 0.19119318181818182
1 0.8008522727272728 0.4309659090909091 0.0634469696969697 0.14204545454545456
1 0.26212121212121214 0.5801136363636363 0.056818181818181816 0.1125
1 0.32840909090909093 0.5822443181818182 0.07727272727272727 0.1497159090909091
1 0.4023674242424242 0.5745738636363636 0.07367424242424242 0.090625
1 0.46903409090909093 0.5757102272727272 0.06268939393939393 0.09744318181818182
1 0.5359848484848485 0.5882102272727273 0.07424242424242425 0.1377840909090909
0 0.6125946969696969 0.5920454545454545 0.06988636363636364 0.1278409090909091
0 0.6890151515151515 0.5713068181818182 0.08446969696969697 0.17784090909090908
1 0.7560606060606061 0.5701704545454546 0.058333333333333334 0.16079545454545455
1 0.8092803030303031 0.5576704545454545 0.048106060606060604 0.11136363636363636
