1 0.15023143489635743 0.41696859903381644 0.10766753874018917 0.2071256038647343
1 0.2612195612799356 0.4142512077294686 0.12437110082511572 0.2143719806763285
1 0.37593077077882875 0.42179951690821255 0.11068625477963373 0.19504830917874397
1 0.48520829140672167 0.4205917874396135 0.11068625477963373 0.20169082125603865
1 0.5936808210907627 0.452445652173913 0.10505131817267056 0.17904589371980675
1 0.6871603944455625 0.47358091787439616 0.0863352787281143 0.14764492753623187
1 0.7913060978063997 0.47342995169082125 0.12074864157778226 0.15640096618357488
0 0.2666532501509358 0.5819746376811594 0.074864157778225 0.1597222222222222
0 0.3442342523646609 0.5715579710144928 0.08472529684041055 0.17149758454106281
1 0.438820688267257 0.5877113526570048 0.10283759307707788 0.20380434782608695
0 0.5422620245522238 0.5868055555555556 0.10122761118937412 0.19293478260869565
1 0.6392634332863756 0.5954106280193237 0.09841014288589253 0.14794685990338163
1 0.7594083316562689 0.5964673913043478 0.1386596900784866 0.14764492753623187
1 0.16854497886898773 0.5782004830917874 0.056953109277520626 0.11956521739130435
1 0.13081102837593078 0.589975845410628 0.04588448379955726 0.14130434782608695
