1 0.1521151245895306 0.8506230078238192 0.12806644774966197 0.19327731092436976
1 0.18727062005022213 0.6876267748478702 0.13231601313502028 0.22544190089829036
1 0.23227738072242612 0.5346276441611127 0.12381688236430365 0.15357867284844973
0 0.2666602279312343 0.400898290350623 0.11956731697894533 0.15676615473775718
0 0.30780374734402166 0.2710808461315561 0.0801622561328955 0.13937988988698927
0 0.3836198570600734 0.20515792523906115 0.0973536797372996 0.12112431179368299
0 0.4726675680896272 0.1579252390611417 0.10817075526366622 0.13851057664445088
0 0.5824802008885455 0.15734569689944944 0.10720494494881205 0.15473775717183424
0 0.656847595132316 0.21645899739206026 0.0902066834073788 0.13097652854245145
0 0.7216534672590303 0.3081715444798609 0.08924087309252463 0.15560707041437263
0 0.749179061232374 0.44552303680092725 0.12458953061618698 0.1532889017676036
1 0.7799884102762218 0.5747609388583019 0.12439636855321615 0.14169805853375833
1 0.7824029360633572 0.7470298464213272 0.14236044040950357 0.2028397565922921
1 0.8282789260189298 0.8849608809040858 0.13096387869422446 0.18023761228629384
