2 0.16532839201152974 0.1817479925880173 0.1449454395717521 0.20599135268684374
2 0.2031089149680873 0.3786287831995059 0.1529750875025736 0.2205064854848672
1 0.24840436483425984 0.5298023471278567 0.12126827259625284 0.16337245213094503
1 0.2891702697138151 0.6576590487955528 0.10438542310067943 0.17201976528721433
0 0.34331892114473955 0.7635886349598517 0.09491455631047972 0.1368128474366893
0 0.4223800700020589 0.8011117974058061 0.08091414453366276 0.12353304508956146
0 0.4877496396952852 0.8296788140827671 0.07370805023677167 0.12137121680049413
0 0.5520897673460984 0.8011117974058061 0.06979617047560223 0.11673872760963558
0 0.6260037059913527 0.7801111797405806 0.08379658225241919 0.1260037059913527
0 0.6826230183240684 0.7486102532427424 0.09573810994441014 0.1445336627547869
0 0.7345068972616842 0.6329524397776405 0.09779699402923615 0.16646077825818406
1 0.7686843730697962 0.506639901173564 0.11179740580605312 0.1609017912291538
1 0.8027589046736668 0.3516059295861643 0.150710315009265 0.21525633106856085
2 0.8436277537574635 0.16136504014823966 0.13238624665431337 0.20290302655960468
