0 0.0865 0.35325 0.045 0.1455
0 0.13758333333333334 0.363625 0.07183333333333333 0.16625
0 0.14341666666666666 0.490125 0.0645 0.13925
0 0.09658333333333333 0.4695 0.0565 0.111
1 0.20241666666666666 0.360875 0.09283333333333334 0.16525
1 0.29591666666666666 0.353875 0.1145 0.19025
1 0.42091666666666666 0.35975 0.13983333333333334 0.2305
1 0.5549166666666666 0.349875 0.13116666666666665 0.22175
1 0.6741666666666667 0.351 0.10133333333333333 0.1805
1 0.764 0.332 0.07533333333333334 0.1705
1 0.8288333333333333 0.33375 0.066 0.1695
1 0.35241666666666666 0.5005 0.0885 0.186
1 0.26725 0.50975 0.0775 0.1715
1 0.19583333333333333 0.517875 0.071 0.15975
0 0.4394166666666667 0.533125 0.07816666666666666 0.15525
0 0.52525 0.52325 0.0905 0.1685
0 0.6143333333333333 0.49775 0.08766666666666667 0.187
0 0.702 0.506 0.08766666666666667 0.162
1 0.7774166666666666 0.491875 0.0905 0.15975
1 0.8411666666666666 0.46575 0.076 0.127
2 0.8940833333333333 0.439625 0.06883333333333333 0.13375
3 0.8973333333333333 0.307 0.074 0.127
