2 0.17633333333333334 0.361375 0.087 0.11625
1 0.24841666666666667 0.3695 0.06583333333333333 0.1435
1 0.20608333333333334 0.467375 0.0855 0.12375
1 0.32925 0.389 0.09283333333333334 0.1565
1 0.29158333333333336 0.496125 0.08116666666666666 0.14025
1 0.37666666666666665 0.507625 0.09633333333333334 0.15875
1 0.42816666666666664 0.39125 0.111 0.1585
1 0.5368333333333334 0.391875 0.11233333333333333 0.17275
1 0.6556666666666666 0.397875 0.12533333333333332 0.21525
0 0.7629166666666667 0.385375 0.09916666666666667 0.19675
1 0.8400833333333333 0.383125 0.0595 0.16625
1 0.4716666666666667 0.51625 0.095 0.161
1 0.5619166666666666 0.520625 0.0855 0.16325
0 0.6419166666666667 0.5325 0.07316666666666667 0.137
0 0.714 0.532 0.06966666666666667 0.127
0 0.7741666666666667 0.529375 0.058 0.10875
