0 0.14333333333333334 0.46025 0.066 0.1555
1 0.22708333333333333 0.47225 0.10716666666666666 0.201
0 0.33825 0.47125 0.1225 0.2055
0 0.4538333333333333 0.473875 0.10433333333333333 0.17375
0 0.5570833333333334 0.464125 0.09783333333333333 0.16975
0 0.6524166666666666 0.45975 0.0885 0.1565
3 0.7839166666666667 0.42125 0.14283333333333334 0.138
4 0.7788333333333334 0.54625 0.12966666666666668 0.125
1 0.6944166666666667 0.5635 0.08116666666666666 0.1315
1 0.6049166666666667 0.592875 0.10216666666666667 0.15525
1 0.5078333333333334 0.592375 0.09933333333333333 0.16525
1 0.4161666666666667 0.594625 0.07833333333333334 0.15875
0 0.33325 0.61625 0.0675 0.102
0 0.2669166666666667 0.611875 0.0565 0.12175
1 0.20608333333333334 0.601 0.0595 0.113
