3 0.1155 0.828125 0.14933333333333335 0.18475
4 0.15533333333333332 0.68475 0.14933333333333335 0.235
1 0.23475 0.458 0.13116666666666665 0.175
1 0.2803333333333333 0.337 0.10933333333333334 0.1695
1 0.3546666666666667 0.25 0.10433333333333333 0.1545
2 0.45566666666666666 0.19825 0.11533333333333333 0.1445
1 0.5749166666666666 0.189125 0.11583333333333333 0.13025
1 0.68175 0.25325 0.10516666666666667 0.1545
1 0.7484166666666666 0.3505 0.1065 0.175
2 0.7919166666666667 0.4815 0.12983333333333333 0.1565
1 0.8230833333333333 0.589125 0.13116666666666665 0.14775
3 0.83325 0.74725 0.14283333333333334 0.2055
4 0.88175 0.8815 0.11083333333333334 0.1935
