4 0.1401707664159382 0.14699603537663922 0.15673917462898962 0.22445867642573955
3 0.16954665582435455 0.3456846599573041 0.15450294775360846 0.20829521195486428
2 0.19455173815816224 0.5157060079292467 0.11750355763366538 0.1579749923757243
1 0.23409229518194755 0.6261055199756023 0.11689367757674324 0.16346447087526686
1 0.29873958121569427 0.7334553217444343 0.0994104492783086 0.17322354376334248
0 0.3547468997763773 0.8161024702653248 0.08782272819678796 0.12747788960048795
0 0.42762756657857287 0.8467520585544374 0.07826794063834112 0.08813662702043305
0 0.5078267940638341 0.8510216529429704 0.07765806058141898 0.09484598963098506
0 0.5899573083960155 0.8423299786520281 0.08497662126448464 0.11222933821286978
0 0.6618215084366741 0.796126867947545 0.10225655621061192 0.17413845684659957
0 0.7354137019719456 0.7008234217749314 0.11038829030290709 0.16651418115279049
3 0.7836958731449482 0.5799024092711192 0.11831673104289489 0.18206770356816102
2 0.8225249034356577 0.43275388838060386 0.15247001423053466 0.23848734370234828
4 0.8759910550924985 0.28408051235132664 0.1329538524090262 0.1655992680695334
