1 0.0541954774808447 0.37748808522567984 0.04522519155298075 0.16512475469582283
2 0.09624369276770697 0.38071208298289877 0.045972715380302745 0.27474067844126715
3 0.13044290786768828 0.4098682366134006 0.05531676322182769 0.23380992430613962
3 0.1933283498411512 0.4055228483319316 0.07045412072509812 0.22343706195682647
1 0.2616333395626986 0.37146061115783574 0.08185385909175855 0.23717409587888982
1 0.18435806391328724 0.6233529576675078 0.06260512053821715 0.23409027193720214
2 0.1268921696879088 0.6174656574151949 0.06391328723603065 0.2049341183067003
1 0.07036068024668286 0.5602747406784413 0.05027097738740422 0.17689935520044855
1 0.23649785086899644 0.5763947294645361 0.060362549056251165 0.191757779646762
1 0.3457297701364231 0.37538547799271094 0.10054195477480844 0.20577516119988787
1 0.3033077929358998 0.6038687973086627 0.07774247804148757 0.26633024950939166
1 0.3780601756680994 0.5791982057751612 0.08895533545131751 0.22315671432576395
2 0.462156606241824 0.5790580319596299 0.06914595402728461 0.17802074572469861
2 0.5380302747150065 0.5925147182506307 0.07549990655952159 0.2049341183067003
2 0.6040926929545879 0.592094196804037 0.06821154924313212 0.19287917017101205
1 0.44272098673145205 0.38772077375946173 0.12932162212670528 0.22652088589851416
1 0.5789572042608858 0.38393608074011776 0.13567557465894226 0.23409027193720214
1 0.6928611474490749 0.3850574712643678 0.09773874042235096 0.19708438463694983
2 0.7866753877779854 0.38183347350714886 0.09287983554475798 0.2209139332772638
2 0.6910857783591852 0.5829828987945052 0.09979443094748645 0.21783010933557612
3 0.7518220893290973 0.5672834314550042 0.06765090637264062 0.19315951780207458
3 0.8071388525509251 0.607793664143538 0.10054195477480844 0.22652088589851416
3 0.8564754251541767 0.40930754135127556 0.06540833489067464 0.22652088589851416
3 0.906746402541581 0.40342024109896274 0.04672023920762474 0.1951219512195122
