2 0.10366666666666667 0.473625 0.125 0.16825
1 0.234 0.44475 0.14466666666666667 0.151
1 0.24425 0.59475 0.13783333333333334 0.1625
3 0.38133333333333336 0.617375 0.13633333333333333 0.21025
0 0.4021666666666667 0.4145 0.184 0.225
0 0.52875 0.639625 0.14316666666666666 0.23175
0 0.5911666666666666 0.379375 0.2 0.21575
0 0.66725 0.614 0.1235 0.267
0 0.7745 0.355 0.16666666666666666 0.2125
0 0.7859166666666667 0.5895 0.10916666666666666 0.25
1 0.9150833333333334 0.353875 0.11583333333333333 0.23075
1 0.87675 0.585625 0.07416666666666667 0.23275
