3 0.05715871254162042 0.4034406215316315 0.03995560488346282 0.21309655937846836
3 0.09156492785793563 0.4100998890122087 0.04661487236403995 0.19311875693673697
2 0.1381798002219756 0.38179800221975585 0.05549389567147614 0.20754716981132076
1 0.19441361450240474 0.3873473917869034 0.0880503144654088 0.19644839067702552
1 0.27802441731409544 0.4034406215316315 0.12060673325934147 0.2286348501664817
2 0.40751017388087313 0.39900110987791343 0.13392526822049575 0.23529411764705882
2 0.52330743618202 0.4017758046614872 0.10210876803551609 0.20310765815760268
2 0.6283758786533481 0.40066592674805773 0.11542730299667037 0.2341842397336293
3 0.7212356640769515 0.42341842397336293 0.08065112837587865 0.23085460599334073
3 0.7918978912319645 0.41065482796892344 0.06659267480577137 0.2008879023307436
2 0.8514613392526822 0.3895671476137625 0.051054384017758046 0.17869034406215317
1 0.09563448020717721 0.6198668146503885 0.04143544210136885 0.20643729189789123
1 0.1293007769145394 0.5765815760266371 0.04513503514613393 0.17758046614872364
1 0.17110617832038474 0.5943396226415094 0.059193488716241215 0.24195338512763595
2 0.22918978912319646 0.5871254162042175 0.07917129115797263 0.22086570477247502
2 0.30207177210506847 0.5843507214206437 0.06659267480577137 0.1753607103218646
2 0.3668146503884573 0.5998890122086571 0.07473177950425453 0.21309655937846836
2 0.44006659267480575 0.6004439511653719 0.0732519422863485 0.19644839067702552
2 0.5270070292267851 0.6098779134295228 0.0932297447280799 0.25305216426193117
2 0.6102478727339993 0.5943396226415094 0.08953015168331484 0.21753607103218647
3 0.6923788383277839 0.6165371809100999 0.08657047724750278 0.20421753607103219
2 0.7889382167961524 0.5799112097669257 0.10358860525342212 0.1864594894561598
2 0.8773584905660378 0.5072142064372919 0.07621161672216056 0.16537180910099888
