3 0.1138996138996139 0.8204459889950767 0.14092664092664092 0.2061975094121054
3 0.1527992277992278 0.6799884158702577 0.16312741312741313 0.22299449753837242
3 0.15743243243243243 0.5169417897480452 0.13223938223938225 0.14596003475238922
3 0.20144787644787646 0.4096437880104257 0.133011583011583 0.16941789748045177
4 0.24864864864864866 0.2787431219229655 0.11737451737451737 0.15667535476397335
5 0.33696911196911195 0.2122791775267883 0.09787644787644788 0.1071532001158413
5 0.44276061776061776 0.17636837532580366 0.12953667953667955 0.13611352447147407
5 0.5739382239382239 0.17839559803069793 0.12586872586872586 0.1448016217781639
5 0.6733590733590734 0.20793512887344337 0.09150579150579151 0.11584129742253113
5 0.734073359073359 0.29597451491456706 0.11293436293436293 0.1673906747755575
3 0.7906370656370656 0.4268751810020272 0.13455598455598455 0.1737619461337967
3 0.8506756756756757 0.5367796119316537 0.13146718146718148 0.16420503909643788
3 0.8632239382239382 0.7018534607587605 0.1723938223938224 0.2435563278308717
2 0.9063706563706564 0.8489719084853751 0.1444015444015444 0.2134375905010136
