4 0.12584017923823748 0.21296555586670401 0.14563106796116504 0.20358443013161578
4 0.16532860343539954 0.41318958274993 0.14731142643764003 0.2467096051526183
4 0.20808439133681852 0.5844301316157939 0.10474234503360717 0.17978157378885468
3 0.2809932785660941 0.6722206664799776 0.10567587752053771 0.17894147297675722
3 0.3327109783420463 0.7940352842341081 0.10268857356235997 0.17446093531223747
2 0.41495519044062734 0.8305796695603472 0.08905899925317401 0.14001680201624195
3 0.46910007468259896 0.8828059367124055 0.07262882748319642 0.10221226547185662
3 0.5401418969380134 0.8618034164099692 0.07393577296489919 0.11397367684122095
3 0.6192120985810307 0.8504620554466537 0.08532486930545183 0.12601512181461774
4 0.6737303958177745 0.7927751330159619 0.09690067214339058 0.17026043125175022
3 0.731235997012696 0.6947633716045926 0.09839432412247946 0.18314197703724447
3 0.7840739357729649 0.6141136936432372 0.09764749813293502 0.15737888546625595
3 0.8194548170276326 0.4616353962475497 0.14002987303958178 0.22710725287034444
3 0.8694921583271098 0.2773732847941753 0.12210604929051531 0.2293475217026043
