1 0.21408333333333332 0.381 0.1145 0.251
0 0.32525 0.406 0.11383333333333333 0.2055
0 0.4538333333333333 0.379875 0.13766666666666666 0.25975
0 0.59525 0.37225 0.1435 0.275
0 0.7215833333333334 0.363 0.11383333333333333 0.226
0 0.8288333333333333 0.34075 0.095 0.2425
0 0.8955833333333333 0.3625 0.07616666666666666 0.201
0 0.2806666666666667 0.57825 0.116 0.224
1 0.20566666666666666 0.566875 0.08766666666666667 0.17275
1 0.15025 0.54125 0.05216666666666667 0.1415
1 0.13975 0.386375 0.0645 0.19475
1 0.36725 0.55225 0.09483333333333334 0.1065
0 0.4633333333333333 0.537375 0.08266666666666667 0.06625
0 0.5513333333333333 0.545 0.08633333333333333 0.138
0 0.6495 0.529875 0.10866666666666666 0.15125
1 0.74875 0.566875 0.10583333333333333 0.23575
0 0.8405 0.5625 0.079 0.225
