0 0.206 0.4505 0.12466666666666666 0.249
0 0.10891666666666666 0.474375 0.0885 0.17275
1 0.10208333333333333 0.621125 0.08183333333333333 0.14025
0 0.1695 0.607625 0.079 0.10425
0 0.3238333333333333 0.62 0.08333333333333333 0.101
0 0.3328333333333333 0.43975 0.14066666666666666 0.275
0 0.46408333333333335 0.44075 0.12316666666666666 0.2185
0 0.5923333333333334 0.41025 0.12466666666666666 0.2445
0 0.5288333333333334 0.618375 0.121 0.24125
0 0.41441666666666666 0.602125 0.10216666666666667 0.14125
0 0.6484166666666666 0.616875 0.11383333333333333 0.22725
0 0.70675 0.426625 0.1145 0.20325
0 0.7339166666666667 0.59625 0.07183333333333333 0.138
3 0.8133333333333334 0.544 0.113 0.136
0 0.7948333333333333 0.44175 0.07033333333333333 0.151
