1 0.16476190476190475 0.41728571428571426 0.10552380952380952 0.14085714285714285
2 0.204 0.5487142857142857 0.1340952380952381 0.15057142857142858
0 0.25933333333333336 0.4442857142857143 0.09085714285714286 0.1462857142857143
0 0.35895238095238097 0.4514285714285714 0.10838095238095238 0.18914285714285714
1 0.47695238095238096 0.44142857142857145 0.13485714285714287 0.24171428571428571
0 0.6110476190476191 0.4541428571428571 0.12304761904761904 0.20085714285714285
0 0.7337142857142858 0.426 0.12380952380952381 0.24171428571428571
0 0.8472380952380952 0.43157142857142855 0.12228571428571429 0.21742857142857142
1 0.53 0.6331428571428571 0.1281904761904762 0.24285714285714285
1 0.41723809523809524 0.6157142857142858 0.12666666666666668 0.20342857142857143
1 0.3120952380952381 0.591 0.09085714285714286 0.1757142857142857
0 0.6157142857142858 0.5985714285714285 0.08438095238095238 0.112
0 0.780952380952381 0.5822857142857143 0.07047619047619047 0.11428571428571428
0 0.8476190476190476 0.5887142857142857 0.06438095238095239 0.09228571428571429
