1 0.13429454170957775 0.8456904541241891 0.16107106076210093 0.20852641334569044
3 0.1846549948506694 0.6367006487488415 0.17816683831101957 0.2514674080939141
2 0.21524201853759012 0.4633920296570899 0.14500514933058703 0.17670682730923695
0 0.2442842430484037 0.32947173308619093 0.12811534500514932 0.1930800123571208
0 0.29237899073120494 0.1969416126042632 0.10525231719876416 0.17516218721038
0 0.36374871266735326 0.20914426938523323 0.10216271884654995 0.14457831325301204
0 0.4568486096807415 0.206209453197405 0.08403707518022657 0.12573370404695705
0 0.5406797116374872 0.19153537225826384 0.08815653964984552 0.12913191226444237
0 0.6286302780638517 0.20358356502934816 0.10216271884654995 0.1334569045412419
0 0.7220391349124614 0.21794871794871795 0.10525231719876416 0.18195860364535063
0 0.7826982492276005 0.3265369168983627 0.11905252317198764 0.18968180413963545
0 0.8032955715756952 0.45675007723200495 0.1367662203913491 0.1788693234476367
3 0.82389289392379 0.634383688600556 0.1721936148300721 0.256101328390485
2 0.8735324407826982 0.8308619091751622 0.14047373841400618 0.19184430027803523
