3 0.7135 0.4515 0.128 0.1465
1 0.8441666666666666 0.39075 0.13333333333333333 0.1275
0 0.87675 0.494125 0.1485 0.11825
3 0.7343333333333333 0.5765 0.141 0.1125
3 0.6115833333333334 0.577125 0.12883333333333333 0.15675
0 0.576 0.397 0.16666666666666666 0.224
0 0.47375 0.610625 0.1395 0.24875
0 0.39116666666666666 0.37875 0.19533333333333333 0.217
0 0.33508333333333334 0.602625 0.12883333333333333 0.25125
0 0.21133333333333335 0.3715 0.15833333333333333 0.225
0 0.21316666666666667 0.60775 0.11666666666666667 0.2705
0 0.131 0.600375 0.081 0.22175
0 0.09308333333333334 0.3725 0.09316666666666666 0.2
1 0.06541666666666666 0.56175 0.0635 0.1785
1 0.04225 0.40775 0.0265 0.1
