3 0.26147982896449157 0.373675404350251 0.10726900910949991 0.22643614054657
0 0.34792712400074366 0.45245398773006135 0.07863915225878416 0.16090351366424985
0 0.2189068600111545 0.46807027328499723 0.09090909090909091 0.16201896263245957
0 0.176705707380554 0.481037367540435 0.06376649934932144 0.13831567205800335
0 0.13273842721695484 0.4799219185722253 0.05725971370143149 0.10596765197992192
1 0.15876556980851458 0.5564696040156163 0.05502881576501208 0.07724484104852203
0 0.2020821714073248 0.5877021751254881 0.048707938278490424 0.10066926938092582
0 0.24707194645844952 0.5860290016731734 0.05577244841048522 0.17261572783045176
1 0.3157650120840305 0.6006692693809258 0.09871723368655884 0.20803123257110986
1 0.38733965421081984 0.5828220858895705 0.050009295408068415 0.09537088678192973
0 0.4512920617215096 0.611266034578918 0.09499907045919316 0.17177914110429449
0 0.5427588771147054 0.5931399888455103 0.09648633575013943 0.19520356943669828
0 0.6389663506227924 0.6037367540435025 0.10001859081613683 0.16508644729503624
0 0.725134783416992 0.6048522030117122 0.07789551961331102 0.20356943669827104
3 0.4512920617215096 0.43335192414947016 0.13218070273284996 0.22308979364194087
2 0.5870979736010411 0.43321249302844395 0.12790481502137943 0.21667596207473508
0 0.7015244469232199 0.4616564417177914 0.10355084588213423 0.17484662576687116
0 0.7934560327198364 0.44924707194645846 0.08142777467930842 0.19297267150027886
0 0.7969882877858337 0.581846068042387 0.07436326454731362 0.15755716675962075
0 0.8570366239077896 0.4531511433351924 0.06134969325153374 0.15560513106525375
