2 0.3261078074045655 0.42848920863309353 0.14310377901400345 0.2181294964028777
2 0.2191636293880683 0.4218705035971223 0.07385382697103396 0.17151079136690647
2 0.17341262229042778 0.420863309352518 0.04296949932860157 0.19366906474820145
2 0.08075963936313063 0.33223021582733814 0.09668137348935354 0.22705035971223023
1 0.14425474774601957 0.5535251798561152 0.09207749856128908 0.19597122302158274
0 0.22539804335315558 0.5916546762589928 0.08939190485325149 0.17266187050359713
0 0.30692499520429695 0.5917985611510791 0.09437943602532131 0.1614388489208633
0 0.4065797045846921 0.5923741007194244 0.10186073278342606 0.16719424460431653
0 0.5139075388451947 0.5966906474820144 0.10090159217341262 0.20690647482014388
0 0.4589487818914253 0.46215827338129495 0.12833301361979665 0.18589928057553956
1 0.5798964128141185 0.4566906474820144 0.10627277958948782 0.19683453237410073
0 0.6178783809706503 0.5774100719424461 0.10550546710147708 0.17697841726618704
0 0.6829081143295607 0.45784172661870504 0.09821599846537503 0.15712230215827339
0 0.7119700748129676 0.5568345323741007 0.07078457701899099 0.11856115107913669
0 0.762996355265682 0.4650359712230216 0.08114329560713601 0.12719424460431655
2 0.8381929790907346 0.4483453237410072 0.08114329560713601 0.0897841726618705
3 0.8052944561672741 0.5325179856115108 0.10704009207749857 0.08546762589928057
