4 0.19053349378259127 0.12560168471720817 0.14841556357801844 0.213898916967509
4 0.21419975932611313 0.32912154031287605 0.156839149618933 0.21299638989169675
2 0.24147613317288408 0.5052647412755716 0.12394705174488568 0.16756919374247894
1 0.2711592458884878 0.6546329723225031 0.10750100280786201 0.18050541516245489
0 0.32882069795427193 0.7630866425992779 0.09245888487765744 0.1332731648616125
0 0.4019253910950662 0.8163357400722022 0.09667067789811472 0.11702767749699157
0 0.4859606899318091 0.8395006016847172 0.09025270758122744 0.12244283995186522
0 0.5708985158443642 0.8367930204572804 0.08684316085038107 0.10860409145607701
0 0.6107099879663056 0.7540613718411552 0.08303249097472924 0.11702767749699157
0 0.6912354592860008 0.7728640192539109 0.09245888487765744 0.13297232250300842
0 0.7245286803048536 0.6433513838748496 0.11452065784195749 0.1796028880866426
1 0.7571199358202968 0.5171480144404332 0.12394705174488568 0.16787003610108303
2 0.7915162454873647 0.3479241877256318 0.1538307260328921 0.23736462093862815
4 0.7947252306458082 0.13462695547533093 0.14901724829522664 0.20848375451263537
