1 0.1675189393939394 0.45014204545454545 0.04375 0.12130681818181818
1 0.21145833333333333 0.45539772727272726 0.06041666666666667 0.1431818181818182
1 0.2690340909090909 0.4615056818181818 0.0706439393939394 0.17244318181818183
1 0.34375 0.4511363636363636 0.07727272727272727 0.17386363636363636
1 0.43986742424242425 0.4419034090909091 0.11799242424242425 0.203125
1 0.5568181818181818 0.4369318181818182 0.1215909090909091 0.21534090909090908
0 0.659185606060606 0.43636363636363634 0.0903409090909091 0.18579545454545454
1 0.7395833333333334 0.42982954545454544 0.06477272727272727 0.175
0 0.8000946969696969 0.4353693181818182 0.0634469696969697 0.15085227272727272
0 0.26401515151515154 0.5828125 0.05757575757575758 0.10710227272727273
0 0.3287878787878788 0.5833806818181818 0.07651515151515151 0.13664772727272728
1 0.40274621212121214 0.5757102272727272 0.07443181818181818 0.09289772727272727
0 0.46903409090909093 0.5784090909090909 0.06268939393939393 0.10056818181818182
1 0.5367424242424242 0.5904829545454545 0.07575757575757576 0.12244318181818181
0 0.6100378787878787 0.5883522727272728 0.06780303030303031 0.12670454545454546
0 0.690435606060606 0.571875 0.08011363636363636 0.16818181818181818
1 0.7575757575757576 0.5741477272727272 0.056818181818181816 0.15738636363636363
1 0.8081439393939394 0.5609375 0.04734848484848485 0.10710227272727273
