2 0.21604203846916517 0.4541939321832243 0.08824112631370216 0.10886377156454491
1 0.30190362879238547 0.4712968471148126 0.08229228633749752 0.13890541344437835
1 0.3896490184414039 0.4711481261154075 0.09478485028752727 0.15645449137418205
1 0.4877057307158437 0.4723378941106484 0.11163989688677374 0.18738845925044617
1 0.5978584176085663 0.46133254015466985 0.11302795954788816 0.17846519928613921
1 0.7081102518342257 0.44482450922070194 0.12333928217330954 0.2073170731707317
1 0.8193535593892525 0.4409577632361689 0.1122347808843942 0.21029149315883403
0 0.8872694824509221 0.4369422962522308 0.0529446757882213 0.17846519928613921
1 0.9291096569502281 0.4364961332540155 0.04263335316279992 0.17519333729922665
2 0.24618282768193536 0.553837001784652 0.11600237953599048 0.1386079714455681
1 0.3492960539361491 0.5736168947055325 0.07872298235177473 0.12343842950624628
1 0.4400158635732699 0.5886377156454491 0.09557802895102122 0.16418798334324808
1 0.540253817172318 0.6035098155859607 0.09617291294864168 0.1719214753123141
1 0.6287923854848304 0.5874479476502082 0.07931786634939521 0.14634146341463414
1 0.7010707911957168 0.5917608566329565 0.06682530239936546 0.11570493753718025
2 0.7723577235772358 0.608863771564545 0.07416220503668451 0.14098750743604996
1 0.8241126313702162 0.6094586555621654 0.04560777315090224 0.11778703152885188
2 0.8740828871703351 0.5978584176085663 0.060281578425540355 0.15645449137418205
1 0.14584572674995042 0.4959845330160619 0.0874479476502082 0.08715050565139798
