1 0.15053330650030186 0.4180253623188406 0.10988126383578185 0.20682367149758454
1 0.261923928355806 0.41108091787439616 0.11853491648218957 0.21890096618357488
1 0.37583014691084726 0.4190821256038647 0.10927752062789294 0.196256038647343
1 0.4851076675387402 0.4201388888888889 0.10927752062789294 0.20682367149758454
1 0.59146709599517 0.452445652173913 0.1034413362849668 0.17240338164251207
2 0.6864560273696921 0.47690217391304346 0.0877440128798551 0.14341787439613526
2 0.7895954920507144 0.4681461352657005 0.11853491648218957 0.14583333333333334
2 0.7604145703360837 0.5979770531400966 0.1366472127188569 0.15307971014492755
1 0.6385590662105052 0.5926932367149759 0.09700140873415174 0.14673913043478262
1 0.541255785872409 0.5884661835748792 0.09921513382974441 0.20048309178743962
1 0.43922318373918295 0.5889190821256038 0.102032602133226 0.2122584541062802
0 0.34503924330851277 0.5717089371980676 0.08190782853692896 0.1693840579710145
1 0.2677601126987321 0.5813707729468599 0.0754679009861139 0.1518719806763285
0 0.17035620849265445 0.575030193236715 0.05614811833366875 0.11322463768115942
0 0.13221976252767156 0.5878623188405797 0.04306701549607567 0.14553140096618358
