1 0.15288777284141394 0.8464213271515503 0.13386130963878695 0.19762387713706173
1 0.18978172686884295 0.687047232686178 0.1388835232760286 0.23297594900028978
1 0.23121498937608653 0.5328890176760359 0.12169209967162449 0.1524195885250652
0 0.2637627969866718 0.3988698927847001 0.11956731697894533 0.15444798609098812
0 0.30741742321807997 0.2705013039698638 0.07784431137724551 0.14923210663575776
0 0.38468224840641296 0.20414372645609968 0.0979331659262121 0.12547087800637496
0 0.4716051767432876 0.15951898000579542 0.10875024145257871 0.13937988988698927
0 0.5832528491404289 0.15734569689944944 0.1045006760672204 0.14372645609968127
0 0.6579099864786556 0.21747319617502173 0.09233146610005795 0.12431179368299043
0 0.722039791384972 0.3065778035352072 0.08305968707745799 0.1460446247464503
0 0.7481166698860344 0.44552303680092725 0.12516901680509948 0.15560707041437263
1 0.7777670465520572 0.5769342219646479 0.12304423411242033 0.1396696609678354
1 0.7818234498744446 0.7434077079107505 0.14236044040950357 0.21240220226021442
1 0.8342669499710257 0.8866995073891626 0.12594166505698282 0.17270356418429442
