2 0.16347539633518632 0.18236565781346512 0.152769199094091 0.20722668313773934
1 0.2028000823553634 0.37584928968499076 0.15359275272802142 0.21309450277949352
1 0.24840436483425984 0.5298023471278567 0.11550339715873996 0.15657813465101914
1 0.28927321391805644 0.6559604694255713 0.10294420424130121 0.16429894996911673
0 0.34362775375746346 0.7625077208153181 0.09717932880378835 0.1278567016676961
0 0.423100679431748 0.7955528103767758 0.08235536339304098 0.12106238418777023
0 0.4877496396952852 0.8241198270537369 0.07494338068766729 0.1102532427424336
0 0.5546633724521309 0.804508956145769 0.07206094296891086 0.12353304508956146
0 0.6234301008853201 0.781809759110562 0.08153180975911056 0.12693020382952439
2 0.6833436277537575 0.7475293390982087 0.1012970969734404 0.13990117356392834
0 0.7378011117974058 0.6355775169857937 0.09697344039530574 0.1612106238418777
1 0.769302038295244 0.5071031500926498 0.11467984352480955 0.1531809759110562
1 0.8028618488779081 0.3516059295861643 0.1447395511632695 0.2109326744904262
2 0.8429071443277744 0.16136504014823966 0.13218035824583077 0.19857936998147005
