2 0.14187939326674065 0.4772475027746948 0.07621161672216056 0.19200887902330743
2 0.2081021087680355 0.45005549389567145 0.09914909359970403 0.23529411764705882
0 0.07639659637439881 0.4522752497225305 0.06215316315205328 0.13762486126526083
1 0.09415464298927118 0.5810210876803552 0.07695153533111358 0.13318534961154274
0 0.15704772475027748 0.5987791342952276 0.07103218645948946 0.13318534961154274
0 0.30762116167221604 0.43784683684794673 0.11912689604143545 0.21087680355160932
1 0.27876433592304845 0.6470588235294118 0.11024787273399926 0.2386237513873474
1 0.3690344062153163 0.618756936736959 0.10136884942656307 0.19311875693673697
0 0.46152423233444323 0.6065482796892342 0.09988901220865705 0.19755826859045506
0 0.428597854236034 0.4156492785793563 0.14946355900850905 0.2641509433962264
0 0.5791712911579726 0.4184239733629301 0.15168331483536812 0.2541620421753607
0 0.7082870884202738 0.4123196448390677 0.10802811690714022 0.2153163152053274
1 0.8048464668886423 0.4267480577136515 0.08657047724750278 0.2241953385127636
1 0.8751387347391787 0.45005549389567145 0.0732519422863485 0.19311875693673697
0 0.9347021827598964 0.43340732519422864 0.05623381428042915 0.13318534961154274
0 0.6531631520532741 0.595449500554939 0.08953015168331484 0.16204217536071033
1 0.7426933037365889 0.6059933407325194 0.09692933777284499 0.2297447280799112
1 0.8129855715871254 0.5854605993340732 0.08065112837587865 0.16648168701442842
