0 0.05037565016374494 0.42964461138399307 0.09343093816220381 0.22132331696041607
1 0.04363321132729724 0.6453337185784456 0.08418416490078982 0.2545507078878937
1 0.12107493739163938 0.6141288644900318 0.09921017145058755 0.19040739670615428
0 0.16557503371219418 0.41043051141288645 0.15700250433442497 0.27708754695174803
0 0.32854941244461566 0.41028604449581046 0.16624927759583896 0.2750650101126842
0 0.47168175688691966 0.40234036405663104 0.1311885956463109 0.22276798613117596
1 0.5922750915045271 0.40234036405663104 0.11269504912348295 0.24183761918520658
0 0.6946638412637257 0.4268997399595493 0.09786168368329802 0.20543195608205722
1 0.7863610094394143 0.4043629008956949 0.09554999036794452 0.14764518925166137
0 0.777017915623194 0.528748916498122 0.1026777114236178 0.11557353366079168
0 0.7015026006549798 0.5715111239526148 0.09420150260065498 0.1305980930366946
0 0.612213446349451 0.5794568043917943 0.10980543247929109 0.18925166136954638
0 0.5273550375650163 0.5998266396995088 0.12001541128876902 0.2600404507367813
0 0.416008476208823 0.5917364923432534 0.09843960701213639 0.19474140421843397
0 0.3108264303602389 0.6334874313782144 0.10190714698516663 0.19271886737937013
0 0.2097861683683298 0.6148511990754117 0.10556732806780968 0.21727824328228837
