1 0.16803699897225077 0.4150477952513105 0.11079136690647481 0.1782300339192106
1 0.18746145940390543 0.572463768115942 0.12332990750256938 0.15201973481344433
1 0.2730729701952724 0.46022201665124884 0.11079136690647481 0.21369102682701202
1 0.3775950668036999 0.43216157878507555 0.12620760534429598 0.26549491211840887
0 0.3615621788283659 0.6231884057971014 0.12045220966084276 0.19179771816219549
0 0.4565262076053443 0.6574159728646315 0.1327852004110997 0.27752081406105455
0 0.5034943473792395 0.42722787542399016 0.13874614594039056 0.23342584027135369
0 0.6474820143884892 0.40888066604995377 0.1710174717368962 0.30280604378661735
0 0.8192189105858171 0.408418131359852 0.16793422404933198 0.2907801418439716
0 0.9462487153134636 0.40070921985815605 0.10051387461459405 0.23342584027135369
0 0.5641315519013361 0.625963613937712 0.11613566289825282 0.21461609620721553
0 0.6764645426515931 0.6379895158803577 0.10853031860226105 0.21461609620721553
0 0.7850976361767729 0.6276595744680851 0.10709146968139774 0.21800801726796176
0 0.883453237410072 0.6116250385445575 0.08386433710174718 0.19272278754239902
1 0.9648509763617678 0.6247301880974406 0.07029804727646455 0.263336416897934
