2 0.19611436950146627 0.532856750068738 0.12463343108504399 0.1737695903216937
3 0.1693548387096774 0.35193841077811383 0.1532258064516129 0.2320593896068188
3 0.13526392961876832 0.1325268078086335 0.093841642228739 0.25955457794885894
1 0.24596774193548387 0.6626340390431674 0.1158357771260997 0.20236458619741546
0 0.29545454545454547 0.7885620016497114 0.08870967741935484 0.1748693978553753
0 0.3782991202346041 0.8320043992301347 0.09457478005865103 0.12317844377233984
0 0.4534457478005865 0.8627990101732197 0.08504398826979472 0.09238383282925489
0 0.5410557184750733 0.8567500687379709 0.08577712609970674 0.08468518009348364
0 0.6180351906158358 0.8413527632664284 0.09164222873900293 0.12427825130602145
0 0.6997800586510264 0.8155072862249106 0.09530791788856305 0.16277151498487766
0 0.7371700879765396 0.6785812482815508 0.1217008797653959 0.18366785812482816
0 0.7741935483870968 0.5427550178718724 0.12683284457478006 0.16717074511960406
1 0.8273460410557185 0.37613417651910913 0.15102639296187684 0.2474566950783613
2 0.8629032258064516 0.16002199615067364 0.0872434017595308 0.22436073687104757
