2 0.1211864406779661 0.9005649717514125 0.13540489642184558 0.1672316384180791
3 0.15734463276836158 0.7747175141242938 0.16440677966101694 0.24774011299435028
2 0.22250470809792844 0.6533898305084745 0.13691148775894538 0.15310734463276837
2 0.20263653483992466 0.49491525423728816 0.14500941619585686 0.18587570621468927
0 0.25772128060263655 0.35084745762711866 0.11167608286252353 0.19548022598870057
0 0.3435969868173258 0.2689265536723164 0.11807909604519774 0.1553672316384181
0 0.44595103578154427 0.20918079096045197 0.1318267419962335 0.16186440677966102
0 0.5836158192090396 0.21285310734463278 0.13483992467043315 0.16299435028248588
0 0.6716572504708098 0.3042372881355932 0.11657250470809793 0.15423728813559323
0 0.7516949152542373 0.41059322033898304 0.11883239171374764 0.19350282485875706
0 0.7922787193973635 0.5731638418079096 0.14350282485875707 0.18361581920903955
0 0.7603578154425612 0.7209039548022599 0.1448210922787194 0.1553672316384181
2 0.8248587570621468 0.8507062146892655 0.15781544256120528 0.24322033898305084
