1 0.21366666666666667 0.4885 0.07333333333333333 0.1425
1 0.27708333333333335 0.506 0.08983333333333333 0.199
0 0.35275 0.46575 0.0905 0.1815
0 0.4459166666666667 0.432 0.12016666666666667 0.2075
0 0.5686666666666667 0.423875 0.121 0.21725
0 0.6578333333333334 0.463 0.066 0.1695
0 0.7198333333333333 0.470625 0.07233333333333333 0.20675
0 0.7781666666666667 0.458125 0.053 0.15775
0 0.3955 0.5685 0.06166666666666667 0.0935
1 0.3245 0.586875 0.05433333333333333 0.09575
0 0.25533333333333336 0.595625 0.058 0.13675
0 0.20783333333333334 0.587375 0.037 0.09675
0 0.53075 0.544 0.0565 0.0795
0 0.46658333333333335 0.548875 0.0515 0.04775
0 0.7270833333333333 0.57275 0.07816666666666666 0.124
0 0.6604166666666667 0.55925 0.049166666666666664 0.075
1 0.6016666666666667 0.5565 0.04933333333333333 0.061
