5 0.13966666666666666 0.11975 0.19233333333333333 0.208
0 0.18283333333333332 0.349875 0.18033333333333335 0.23625
2 0.23741666666666666 0.566875 0.1515 0.20475
2 0.292 0.712375 0.1 0.13175
0 0.3423333333333333 0.8475 0.09466666666666666 0.1545
0 0.43966666666666665 0.86575 0.09833333333333333 0.141
1 0.53775 0.865125 0.09916666666666667 0.17375
1 0.6294166666666666 0.831125 0.09783333333333333 0.15125
0 0.6945833333333333 0.722 0.09916666666666667 0.1625
1 0.74425 0.576625 0.14083333333333334 0.23075
0 0.7945833333333333 0.36575 0.18116666666666667 0.2725
5 0.8630833333333333 0.143 0.18483333333333332 0.2705
