0 0.1683300876338851 0.5074844833880978 0.09371957156767283 0.15041986126323476
0 0.24245374878286272 0.5133260313983206 0.1002921129503408 0.17524644030668127
0 0.32290652385589097 0.5100401606425703 0.11514118792599805 0.20299379335523915
1 0.43573515092502435 0.5304855786783498 0.13729308666017526 0.28696604600219056
0 0.5581791626095424 0.4746257758305951 0.13875365141187926 0.25848849945235486
0 0.7020447906523856 0.42515516611902154 0.1733203505355404 0.2887915297553852
0 0.870983446932814 0.41767068273092367 0.16747809152872445 0.2971887550200803
0 0.3759737098344693 0.6464037970062066 0.10248296007789678 0.18802482657904346
0 0.2882181110029211 0.6394669587440672 0.0759493670886076 0.14202263599853962
1 0.2002190847127556 0.619569185834246 0.10296981499513146 0.11464037970062066
