2 0.1939073330901131 0.8391244870041039 0.13863553447646845 0.1948016415868673
2 0.21944545786209413 0.6831737346101231 0.13863553447646845 0.2002735978112175
1 0.2548340021889821 0.5425444596443229 0.12331265961327982 0.13132694938440492
1 0.2873039036847866 0.4248974008207934 0.12112367748996716 0.1521203830369357
1 0.3245165997811018 0.29247606019151845 0.09485589201021526 0.14774281805745554
0 0.38507843852608536 0.18850889192886458 0.0817219992703393 0.11491108071135431
0 0.45512586647209047 0.12175102599179206 0.10944910616563298 0.1411764705882353
0 0.5612914994527545 0.11901504787961696 0.09996351696461146 0.14008207934336525
0 0.6338927398759577 0.1704514363885089 0.07734403502371397 0.12476060191518468
1 0.6813206858810653 0.27168262653898767 0.09339657059467348 0.15868673050615595
1 0.7167092302079533 0.3969904240766074 0.12185333819773805 0.15102599179206566
1 0.747719810288216 0.5140902872777018 0.1138270704122583 0.12476060191518468
2 0.7619481940897482 0.6651162790697674 0.134987230937614 0.19917920656634747
2 0.773257935060197 0.8259917920656634 0.13133892739875958 0.18823529411764706
