3 0.2265154556403051 0.41267690454682326 0.1463267763950221 0.21951219512195122
2 0.19570453633079085 0.2127371273712737 0.15495784825371337 0.2086720867208672
1 0.26013649136892814 0.5707618187292984 0.10758731433159374 0.1568804576934658
0 0.27920513849859496 0.7068654019873533 0.0983540746688077 0.15386931647094249
0 0.3504616619831393 0.7390846130683529 0.09313528703331996 0.12556458897922312
0 0.38639100762745887 0.814965371875941 0.08751505419510237 0.08822643781993375
0 0.4386792452830189 0.8638964167419452 0.07446808510638298 0.06564287865100873
0 0.5121437173825772 0.8557663354411322 0.07246085909273384 0.07768744354110207
0 0.5867121637896427 0.8455284552845529 0.07948615014050582 0.09153869316470943
0 0.6303693295865115 0.7702499247214695 0.095343235648334 0.15176151761517614
0 0.7017262143717382 0.7309545317675399 0.10317141710156563 0.1592893706714845
0 0.7398635086310719 0.5971093044263776 0.11039743075070253 0.16440831074977416
2 0.7744881573665194 0.4427883167720566 0.15556001605780811 0.21529659741041854
2 0.8097149739060618 0.2491719361638061 0.14973906061822562 0.21710328214393254
