0 0.10555666201951802 0.45533313414998505 0.05616411073491336 0.11951000896325067
0 0.1546504680342561 0.4493576337018225 0.07468631746664012 0.15177771138332835
0 0.2303326030671181 0.45757394681804603 0.08703445528779127 0.19928293994622048
1 0.32503485361481776 0.45488497161637287 0.09679346743676559 0.19390498954287422
0 0.4393547102170882 0.4671347475351061 0.1306512646883091 0.22019719151478936
0 0.5924118701453893 0.46160740962055574 0.126867157936666 0.22467881685091126
0 0.6997610037841068 0.4360621452046609 0.09061939852619 0.1801613385121004
1 0.77504481179048 0.4493576337018225 0.061143198566022704 0.20675231550642367
1 0.8406691894045011 0.4498057962354347 0.05696076478789086 0.15267403645055275
1 0.25712009559848636 0.5826112936958471 0.0952001593308106 0.11293695847027188
1 0.17267476598287193 0.5727517179563788 0.07528380800637323 0.14161936062145206
1 0.1026687910774746 0.5484015536301166 0.07508464449312886 0.12160143412010756
0 0.3397729535949014 0.5711084553331341 0.06851224855606453 0.1096504332237825
0 0.6850229038040231 0.5776815058261129 0.08783110934076876 0.12936958470271887
0 0.7709619597689703 0.6092022706901703 0.08564031069508066 0.1637287122796534
0 0.831009759012149 0.5645354048401554 0.052380003983270265 0.14729608604720645
0 0.8871738697470624 0.4515984463698835 0.03166699860585541 0.11383328353749626
