0 0.15704437742352434 0.43263327948303715 0.0947867298578199 0.11954765751211632
0 0.24138302455838 0.4762520193861066 0.08250753985351142 0.14862681744749595
0 0.32658336923739767 0.4668820678513732 0.1034037052994399 0.19709208400646203
0 0.4406505816458423 0.4793214862681745 0.12645411460577338 0.2284329563812601
1 0.5689358035329599 0.48206785137318253 0.12279190004308488 0.2210016155088853
0 0.7160706591986212 0.49289176090468495 0.15424386040499785 0.2575121163166397
0 0.8923955191727704 0.46962843295638124 0.15230504093063335 0.27560581583198707
0 0.4578845325290823 0.6189014539579968 0.11352865144334338 0.1172859450726979
1 0.3459715639810427 0.5977382875605816 0.09909521757862991 0.16155088852988692
1 0.23642826367944852 0.5649434571890145 0.12128392934080137 0.14765751211631664
