0 0.12468398069409331 0.4389865563598759 0.17949896575499885 0.29403653912443983
0 0.32153527924615033 0.4470872113064461 0.1723741668581935 0.28886590830748016
0 0.4759825327510917 0.4239917269906929 0.12640772236267525 0.25715270596346085
0 0.5954952884394392 0.4455360220613582 0.11721443346357159 0.270596346087556
1 0.7017926913353252 0.4450189589796622 0.09124339232360378 0.18958979662185454
1 0.7822339692024822 0.4600137883488452 0.07101815674557573 0.14856945880730782
1 0.6127327051252586 0.6123750430885901 0.1328430245920478 0.24233023095484316
0 0.7144334635715928 0.581868321268528 0.07607446564008274 0.15718717683557393
2 0.8026890370029878 0.5479145122371596 0.09767869455297633 0.1499482936918304
1 0.4878188922086877 0.58290244743192 0.12847621236497356 0.12271630472250948
