2 0.10729440290967872 0.8111548954228555 0.16245706203273388 0.23704152773567747
2 0.14730248535057588 0.6503485904819643 0.13861386138613863 0.16459533191876327
1 0.19468579511012327 0.5193998181267051 0.12911699333198626 0.16883904213398
1 0.250252576278036 0.3860260685056078 0.10891089108910891 0.16883904213398
1 0.31976156799353406 0.2866020006062443 0.09234188724994949 0.11245832070324341
0 0.4290765811275005 0.2177932706880873 0.12628813901798344 0.10942709912094574
0 0.5792079207920792 0.21461048802667476 0.12911699333198626 0.10488026674749924
0 0.6865023237017579 0.2723552591694453 0.10244493837138816 0.10821461048802668
0 0.7600525358658314 0.3785995756289785 0.10689028086482118 0.16671718702637162
1 0.8087492422711658 0.5069718096392847 0.1319458476459891 0.1742952409821158
1 0.8556273994746414 0.6361018490451652 0.1234592847039806 0.14943922400727494
3 0.8769448373408769 0.7964534707487118 0.1531622550010103 0.23795089421036678
