3 0.09189356435643564 0.13412747524752475 0.15532178217821782 0.1989480198019802
2 0.13015676567656767 0.3380259900990099 0.1613036303630363 0.24412128712871287
1 0.17027640264026403 0.5352722772277227 0.11200495049504951 0.18564356435643564
0 0.21596534653465346 0.6772896039603961 0.10602310231023103 0.1646039603960396
0 0.30363036303630364 0.7823329207920792 0.10024752475247525 0.13830445544554457
0 0.39686468646864687 0.8446782178217822 0.091996699669967 0.08601485148514851
0 0.5604372937293729 0.8237933168316832 0.09653465346534654 0.0838490099009901
0 0.6451113861386139 0.7728960396039604 0.09632838283828384 0.13242574257425743
0 0.732776402640264 0.6817759900990099 0.10540429042904291 0.17790841584158415
0 0.8013613861386139 0.5617264851485149 0.11716171617161716 0.1989480198019802
3 0.8443688118811881 0.36633663366336633 0.16934818481848185 0.2629950495049505
4 0.897792904290429 0.13536509900990099 0.1582095709570957 0.2385519801980198
