1 0.18033333333333335 0.45975 0.076 0.176
1 0.247 0.424375 0.09633333333333334 0.21425
1 0.34558333333333335 0.40425 0.1095 0.2065
0 0.46691666666666665 0.389625 0.14483333333333334 0.23825
0 0.61075 0.401125 0.14116666666666666 0.23475
0 0.7285 0.401125 0.10566666666666667 0.18475
1 0.8205 0.30875 0.07966666666666666 0.1195
1 0.8506666666666667 0.421125 0.10366666666666667 0.16425
1 0.7513333333333333 0.5505 0.09333333333333334 0.1835
1 0.82925 0.5325 0.07683333333333334 0.176
1 0.66725 0.5445 0.07316666666666667 0.1455
1 0.5860833333333333 0.56525 0.08183333333333333 0.126
1 0.5006666666666667 0.554875 0.08766666666666667 0.14225
1 0.41008333333333336 0.554875 0.08183333333333333 0.15775
1 0.32958333333333334 0.580875 0.09783333333333333 0.16625
1 0.2505833333333333 0.570125 0.08183333333333333 0.14225
