1 0.32816666666666666 0.461875 0.111 0.17175
1 0.44483333333333336 0.4435 0.13266666666666665 0.211
0 0.572 0.4255 0.11 0.214
0 0.6995 0.41625 0.14066666666666666 0.2435
0 0.8136666666666666 0.415125 0.10066666666666667 0.22825
1 0.8945 0.40425 0.06233333333333333 0.1825
2 0.8774166666666666 0.55925 0.06316666666666666 0.1425
0 0.7730833333333333 0.57325 0.0645 0.1185
1 0.7031666666666667 0.583625 0.06366666666666666 0.10425
2 0.6205 0.573375 0.07966666666666666 0.15325
2 0.526 0.586375 0.11966666666666667 0.18825
1 0.4081666666666667 0.573875 0.12033333333333333 0.16975
1 0.30675 0.561875 0.08983333333333333 0.10875
2 0.19375 0.537375 0.14483333333333334 0.11625
2 0.23 0.46575 0.09266666666666666 0.1185
2 0.12566666666666668 0.411375 0.116 0.14875
