1 0.12970246238030095 0.8606052834060015 0.1725376196990424 0.2726340087201847
1 0.16963064295485636 0.6547832777635291 0.15253077975376197 0.17953321364452424
0 0.21562927496580028 0.49243395742498075 0.1545827633378933 0.20107719928186715
0 0.33635430916552667 0.2604513977943062 0.12243502051983585 0.1582457040266735
0 0.45100889192886456 0.2038984354962811 0.13252393980848154 0.1754295973326494
0 0.5884917920656635 0.20761733777891767 0.13252393980848154 0.18491921005385997
1 0.6979309165526676 0.2631443959989741 0.12192202462380301 0.1549115157732752
0 0.7801812585499316 0.38073865093613746 0.12260601915184678 0.18286740189792255
2 0.8069425444596443 0.5479610156450372 0.1545827633378933 0.1946652987945627
1 0.8404582763337893 0.7180046165683509 0.14466484268125854 0.1731213131572198
1 0.8646545827633378 0.8920235957937933 0.17185362517099864 0.21595280841241343
