2 0.14676923076923076 0.1576923076923077 0.14584615384615385 0.18369230769230768
2 0.1756923076923077 0.356 0.15979487179487178 0.224
1 0.21087179487179486 0.5126153846153846 0.13784615384615384 0.16615384615384615
1 0.23282051282051283 0.6346153846153846 0.1202051282051282 0.17692307692307693
0 0.27712820512820513 0.7170769230769231 0.08861538461538461 0.14615384615384616
0 0.364 0.7444615384615385 0.09087179487179488 0.11107692307692307
0 0.4328205128205128 0.7658461538461538 0.07917948717948718 0.08369230769230769
0 0.5167179487179487 0.7686153846153846 0.08574358974358974 0.0756923076923077
0 0.6031794871794872 0.7455384615384615 0.0916923076923077 0.10892307692307693
0 0.6833846153846154 0.7301538461538462 0.08348717948717949 0.13723076923076924
2 0.7427692307692307 0.6510769230769231 0.12594871794871795 0.18584615384615386
1 0.7715897435897436 0.5252307692307693 0.13846153846153847 0.16676923076923078
2 0.8182564102564103 0.37415384615384617 0.17435897435897435 0.2363076923076923
2 0.8631794871794872 0.178 0.14728205128205127 0.21753846153846154
