3 0.05025 0.506625 0.07416666666666667 0.16375
1 0.12641666666666668 0.581625 0.14016666666666666 0.13625
3 0.29083333333333333 0.435 0.15233333333333332 0.259
3 0.26808333333333334 0.595375 0.1235 0.14775
3 0.40675 0.612375 0.1295 0.26375
3 0.48741666666666666 0.4685 0.13483333333333333 0.208
3 0.5241666666666667 0.643 0.11133333333333334 0.1635
3 0.6389166666666667 0.46125 0.1635 0.2955
3 0.7908333333333334 0.429375 0.13866666666666666 0.29525
0 0.734 0.634 0.06433333333333334 0.116
3 0.8991666666666667 0.368 0.08566666666666667 0.2385
0 0.9563333333333334 0.32375 0.04533333333333334 0.1705
0 0.9389166666666666 0.5055 0.0395 0.132
1 0.89425 0.57025 0.07583333333333334 0.175
