1 0.07512553109308613 0.4103418308227115 0.0780224024719969 0.21581691772885284
1 0.13518733101583624 0.6425260718424102 0.10814986481266899 0.23406720741599074
0 0.17487446890691385 0.4268539976825029 0.15160293549633064 0.2876593279258401
0 0.3372923908845114 0.4017960602549247 0.16743916570104286 0.2670915411355736
0 0.24604094244882194 0.6415121668597914 0.11239860950173812 0.21871378910776362
0 0.3612398609501738 0.617468134414832 0.11375048281189648 0.26506373117033605
0 0.4820393974507532 0.35399768250289687 0.1409810737736578 0.24449594438006952
0 0.5031865585168018 0.5829953650057937 0.14310544611819234 0.2563731170336037
0 0.6526651216685979 0.5744495944380069 0.14889918887601392 0.2630359212050985
1 0.6148126689841638 0.2776651216685979 0.1473541908072615 0.24246813441483198
2 0.7170722286597142 0.3309675550405562 0.17883352645809192 0.2563731170336037
2 0.8164349169563538 0.3448725376593279 0.16164542294322132 0.22219003476245655
1 0.7915218230977211 0.5595307068366164 0.1373117033603708 0.2071263035921205
1 0.8984163769795288 0.5218713789107764 0.15102356122054847 0.16657010428736965
