2 0.10753165963119307 0.8723758747084305 0.1621861808487003 0.19460179940019992
2 0.1423017107309487 0.7245918027324225 0.18284825594312376 0.25158280573142283
2 0.15518773605865363 0.5454848383872043 0.13841368584758942 0.16861046317894035
2 0.19928904687847146 0.39836721092969013 0.14618973561430793 0.20093302232589136
1 0.24483448122639415 0.2585804731756081 0.11241946234170185 0.1752749083638787
2 0.3393690291046434 0.20576474508497167 0.09975560986447456 0.1622792402532489
1 0.4301266385247723 0.16127957347550817 0.12752721617418353 0.13128957014328557
1 0.5578760275494334 0.1757747417527491 0.12974894467896023 0.15561479506831055
2 0.6511886247500556 0.23542152615794734 0.10975338813596978 0.14828390536487837
1 0.7363919129082426 0.3063978673775408 0.11530770939791157 0.16361212929023658
2 0.7866029771161964 0.43418860379873375 0.14107976005332148 0.1979340219926691
2 0.8299266829593424 0.5826391202932356 0.1433014885580982 0.18893702099300233
1 0.8679182403910242 0.7379206931022992 0.18195956454121306 0.2655781406197934
2 0.8894690068873584 0.9028657114295235 0.16640746500777606 0.18493835388203933
