3 0.09318266024453502 0.17282578494026118 0.1459799925898481 0.22006112809113643
2 0.12022971470915154 0.42734092803556545 0.18303075213041867 0.27785495971103086
2 0.1922008151167099 0.6072520144484579 0.12467580585402001 0.19755487635454294
1 0.26593182660244535 0.7377049180327869 0.12097072989996295 0.19783273131425397
0 0.3606891441274546 0.8509308141150319 0.1081882178584661 0.14642956376771327
0 0.4707298999629492 0.8958043901083634 0.09188588366061504 0.12281189219227563
0 0.5658577250833642 0.8877465962767436 0.09540570581696925 0.12392331203111975
0 0.6692293442015561 0.8456515698805224 0.10392738051130049 0.15921089191442067
2 0.7650055576139311 0.7285357043623228 0.11615413115968877 0.19894415115309808
1 0.8391070766950722 0.59974993053626 0.12319377547239718 0.19144206724090024
2 0.8989440533530937 0.40844679077521534 0.17173027047054465 0.28952486801889415
2 0.9160800296406076 0.17393720477910532 0.15598369766580214 0.1900527924423451
