2 0.11458333333333333 0.44100765306122447 0.04251700680272109 0.13966836734693877
1 0.14296343537414966 0.43112244897959184 0.03592687074829932 0.17283163265306123
2 0.06813350340136054 0.4008290816326531 0.052083333333333336 0.16262755102040816
2 0.17410714285714285 0.43447066326530615 0.055697278911564625 0.20121173469387754
2 0.24436649659863946 0.428890306122449 0.09672619047619048 0.25637755102040816
1 0.34885204081632654 0.4059311224489796 0.11819727891156463 0.2385204081632653
0 0.4650297619047619 0.4398915816326531 0.13499149659863946 0.258609693877551
0 0.6043792517006803 0.4247448979591837 0.1377551020408163 0.27168367346938777
1 0.7124787414965986 0.4255420918367347 0.0975765306122449 0.21651785714285715
1 0.796343537414966 0.4724170918367347 0.08503401360544217 0.23756377551020408
1 0.8579931972789115 0.49649234693877553 0.055697278911564625 0.17793367346938777
2 0.2459608843537415 0.5932716836734694 0.08503401360544217 0.18016581632653061
1 0.34077380952380953 0.5955038265306123 0.10204081632653061 0.19993622448979592
1 0.4965986394557823 0.6119260204081632 0.06590136054421769 0.11670918367346939
0 0.5695153061224489 0.6240433673469388 0.08715986394557823 0.15625
1 0.6449829931972789 0.5725446428571429 0.060799319727891155 0.12531887755102042
1 0.7186437074829932 0.6184630102040817 0.09672619047619048 0.21332908163265307
1 0.7978316326530612 0.6267538265306123 0.06590136054421769 0.17697704081632654
1 0.8499149659863946 0.6350446428571429 0.04124149659863945 0.11639030612244898
1 0.1846301020408163 0.5806760204081632 0.046130952380952384 0.11543367346938775
1 0.148703231292517 0.5581951530612245 0.05633503401360544 0.1055484693877551
