2 0.0689587810119164 0.44988276670574445 0.08829849579996094 0.1541617819460727
2 0.1529595624145341 0.4765533411488863 0.09845672983004493 0.15533411488862836
2 0.238718499706974 0.47171746776084406 0.0789216643875757 0.17379835873388041
2 0.317151787458488 0.47816529894490034 0.09552647001367455 0.20838218053927315
2 0.43074819300644657 0.47215709261430244 0.13596405547958584 0.27667057444314186
1 0.5606563781988669 0.4428487690504103 0.12815002930259817 0.2485345838218054
1 0.6804063293612034 0.46395076201641267 0.1375268607149834 0.264947245017585
1 0.8160773588591522 0.42995310668229775 0.14983395194373902 0.29191090269636577
1 0.9025200234420785 0.4167643610785463 0.08243797616722016 0.22919109026963658
1 0.9600507911701505 0.45427901524032827 0.05723774174643485 0.25615474794841736
1 0.4018362961515921 0.6263188745603752 0.11291267825747216 0.19871043376318875
1 0.3059191248290682 0.6170867526377491 0.1019730416096894 0.14742086752637748
2 0.21801133033795664 0.5964243845252052 0.11721039265481539 0.11957796014067995
2 0.11017776909552647 0.561694021101993 0.10275444422738816 0.10638921453692848
1 0.5204141433873803 0.6154747948417351 0.11721039265481539 0.20926143024618993
1 0.6171127173276031 0.6030187573270809 0.06446571596014847 0.09349355216881594
0 0.7657745653447939 0.632327080890973 0.08986130103535847 0.14976553341148885
1 0.8946083219378785 0.617672919109027 0.07521000195350655 0.19841735052754983
