1 0.10354223433242507 0.3977987421383648 0.12575979878432195 0.2710691823899371
0 0.22427164116537412 0.44025157232704404 0.13456298469922448 0.2842767295597484
0 0.37025780758750787 0.4180817610062893 0.14315657094948647 0.30471698113207546
1 0.4977992035212744 0.4180817610062893 0.1278557954307273 0.2569182389937107
1 0.6163278138754978 0.4661949685534591 0.12219660448543282 0.2820754716981132
1 0.7186124502200797 0.4834905660377358 0.08530706350869839 0.21037735849056605
1 0.7923915321735485 0.4710691823899371 0.05931670509327185 0.17672955974842766
1 0.8472018444770488 0.46871069182389935 0.06791029134353385 0.1430817610062893
1 0.9177321316285894 0.4487421383647799 0.07608467826451477 0.14968553459119496
2 0.10825822678683714 0.5913522012578616 0.094529448752882 0.19842767295597485
1 0.2726891636973381 0.6251572327044025 0.06665269335569063 0.10943396226415095
0 0.3445818486690421 0.6364779874213836 0.0888702578075875 0.15157232704402515
0 0.42517291972332844 0.5687106918238993 0.0681198910081744 0.13364779874213836
1 0.5216935652902955 0.6289308176100629 0.12366380213791658 0.25157232704402516
1 0.6340389855376232 0.6338050314465409 0.0968350450639279 0.17452830188679244
1 0.7199748480402431 0.6212264150943396 0.08383986585621463 0.16257861635220125
1 0.7952211276461958 0.5963836477987421 0.07377908195346887 0.12358490566037736
