2 0.13296850998463902 0.8741359447004609 0.16186635944700462 0.1728110599078341
1 0.1777073732718894 0.7577764976958525 0.15802611367127495 0.21255760368663595
1 0.19057219662058372 0.5800691244239631 0.13959293394777267 0.1497695852534562
1 0.22043010752688172 0.452044930875576 0.14631336405529954 0.16849078341013826
1 0.25297619047619047 0.303139400921659 0.1107910906298003 0.17597926267281105
0 0.33122119815668205 0.21889400921658986 0.10176651305683564 0.12730414746543778
1 0.4298195084485407 0.17453917050691245 0.13076036866359447 0.14055299539170507
0 0.5598118279569892 0.20449308755760368 0.1261520737327189 0.12960829493087558
1 0.673963133640553 0.20679723502304148 0.10483870967741936 0.12730414746543778
2 0.7584485407066052 0.2926267281105991 0.11597542242703533 0.17050691244239632
2 0.7886904761904762 0.4438364055299539 0.14688940092165897 0.15841013824884792
1 0.8127880184331797 0.5884216589861752 0.14170506912442396 0.14170506912442396
1 0.831605222734255 0.7505760368663594 0.16013824884792627 0.20506912442396313
3 0.8700076804915514 0.9025057603686636 0.16321044546851 0.1938364055299539
