2 0.17023533950617284 0.13917824074074073 0.1587577160493827 0.2326388888888889
2 0.20852623456790123 0.3509837962962963 0.14930555555555555 0.21643518518518517
1 0.21421682098765432 0.5444155092592593 0.13213734567901234 0.1791087962962963
1 0.24382716049382716 0.6982060185185185 0.11304012345679013 0.16493055555555555
0 0.29128086419753085 0.8230613425925926 0.09645061728395062 0.14033564814814814
0 0.3724922839506173 0.8250868055555556 0.09567901234567901 0.1166087962962963
0 0.42573302469135804 0.8718171296296297 0.09645061728395062 0.10300925925925926
0 0.4949845679012346 0.8524305555555556 0.08487654320987655 0.12210648148148148
0 0.5685763888888888 0.8219039351851852 0.10204475308641975 0.12297453703703703
0 0.6549961419753086 0.8342013888888888 0.10088734567901235 0.14351851851851852
1 0.7354359567901234 0.7436342592592593 0.11709104938271606 0.18981481481481483
1 0.7707368827160493 0.5985243055555556 0.14216820987654322 0.17563657407407407
2 0.8053626543209876 0.4227430555555556 0.16010802469135801 0.2552083333333333
2 0.8561921296296297 0.21064814814814814 0.15142746913580246 0.2679398148148148
