2 0.13541666666666666 0.426625 0.0515 0.12075
1 0.16075 0.42875 0.0355 0.114
0 0.18575 0.4125 0.044833333333333336 0.149
1 0.2405 0.398875 0.08766666666666667 0.19325
0 0.3343333333333333 0.4185 0.1 0.2
0 0.44916666666666666 0.417375 0.12966666666666668 0.21325
0 0.5723333333333334 0.39675 0.12833333333333333 0.2195
0 0.6814166666666667 0.3995 0.0885 0.1945
0 0.7491666666666666 0.44825 0.069 0.1815
1 0.82375 0.413625 0.0775 0.17925
1 0.25675 0.5265 0.08116666666666666 0.1315
1 0.16583333333333333 0.519 0.06733333333333333 0.0795
2 0.7803333333333333 0.55275 0.09933333333333333 0.1925
