3 0.048 0.40775 0.06966666666666667 0.234
3 0.10858333333333334 0.45725 0.07283333333333333 0.1945
2 0.10408333333333333 0.62775 0.0515 0.142
3 0.21275 0.4725 0.13716666666666666 0.291
2 0.17491666666666666 0.6635 0.05383333333333333 0.1
3 0.3575 0.494625 0.15833333333333333 0.28975
3 0.51275 0.45325 0.15083333333333335 0.266
1 0.47108333333333335 0.649875 0.09916666666666667 0.18175
3 0.5911666666666666 0.631125 0.12733333333333333 0.26475
0 0.6635 0.470875 0.116 0.12375
3 0.7139166666666666 0.633875 0.12883333333333333 0.21375
1 0.7779166666666667 0.460125 0.11283333333333333 0.19775
1 0.8938333333333334 0.484 0.11133333333333334 0.141
1 0.8510833333333333 0.608875 0.13183333333333333 0.11125
5 0.959 0.5885 0.075 0.1
