2 0.20633415512990708 0.4971550497866287 0.06561729565712118 0.11465149359886202
2 0.28105442821923005 0.49445234708392605 0.09406410013275175 0.1314366998577525
1 0.3544471837663569 0.4965860597439545 0.06561729565712118 0.1379800853485064
1 0.4159871041153044 0.4879089615931721 0.0866679309690878 0.17069701280227595
1 0.5075858145268348 0.4856330014224751 0.11663189835008535 0.20768136557610242
0 0.6234591314242367 0.5054054054054054 0.1079082116442253 0.2034139402560455
0 0.7504267020671345 0.49431009957325744 0.14299260383083634 0.2364153627311522
0 0.8824198748340603 0.4496443812233286 0.13275175421960933 0.26258890469416785
0 0.9740185852455907 0.4716927453769559 0.05196282950881851 0.16671408250355618
2 0.3116821543713256 0.6036984352773827 0.12042480561350274 0.11379800853485064
4 0.22529869144699413 0.5792318634423897 0.07282381945761426 0.0887624466571835
1 0.3970225677982173 0.6256045519203414 0.0635311966622416 0.12916073968705546
1 0.4871041153043808 0.6345661450924609 0.11094253745495923 0.16415362731152205
