1 0.10391730141458107 0.5184983677910773 0.1298512876314835 0.22850924918389554
1 0.22470076169749728 0.4880304678998912 0.13928182807399347 0.24156692056583243
1 0.34693507435618426 0.4820457018498368 0.10808850199492202 0.2100108813928183
1 0.4390642002176279 0.5233949945593036 0.09503083061298513 0.1969532100108814
1 0.5420747188973521 0.4689880304678999 0.10373594486760972 0.19477693144722524
0 0.5917664127675009 0.5272034820457019 0.06528835690968444 0.1458106637649619
2 0.6592310482408414 0.529923830250272 0.08269858541893363 0.13166485310119697
2 0.7375770765324628 0.5201305767138193 0.07254261878853827 0.10772578890097932
1 0.5108813928182807 0.6235038084874864 0.11824446862531737 0.20783460282916214
2 0.6534276387377584 0.6381936887921654 0.10155966630395358 0.11316648531011969
