3 0.16218159408381266 0.8234206471494607 0.14975349219391948 0.19167950693374422
2 0.1929950698438784 0.685824345146379 0.14523418241577649 0.20677966101694914
3 0.23952341824157766 0.4041602465331279 0.12982744453574363 0.18705701078582435
3 0.8114215283483976 0.8536209553158706 0.1466721446179129 0.17257318952234207
3 0.29786359901396875 0.30832049306625575 0.10106820049301561 0.16486902927580893
2 0.3502465078060805 0.20801232665639446 0.08586688578471652 0.1386748844375963
2 0.22740345110928512 0.5477657935285054 0.12612982744453574 0.15069337442218797
2 0.8022801972062449 0.70231124807396 0.1460558751027116 0.19352850539291216
2 0.7794782251437962 0.5651771956856703 0.12838948233360722 0.1288135593220339
2 0.764482333607231 0.4371340523882897 0.13783894823336074 0.14761171032357473
1 0.7472267871815941 0.299537750385208 0.10497124075595728 0.15408320493066255
0 0.6734798685291701 0.24946070878274268 0.09552177485620378 0.13097072419106318
0 0.56563270336894 0.2197226502311248 0.11606409202958094 0.16394453004622497
0 0.4549096138044371 0.18228043143297382 0.11894001643385374 0.12850539291217258
