1 0.13358333333333333 0.933375 0.1545 0.13275
2 0.14883333333333335 0.779875 0.15 0.21925
0 0.17 0.596375 0.141 0.18875
2 0.209 0.46175 0.14933333333333335 0.1375
0 0.24766666666666667 0.337875 0.08566666666666667 0.13525
1 0.30825 0.191375 0.10383333333333333 0.16025
1 0.4195833333333333 0.127125 0.12816666666666668 0.14075
1 0.5468333333333333 0.122625 0.116 0.13625
1 0.65175 0.17825 0.08783333333333333 0.143
1 0.7615833333333333 0.306625 0.1015 0.16825
2 0.8609166666666667 0.762875 0.1515 0.26025
2 0.8960833333333333 0.92425 0.14616666666666667 0.151
