3 0.12525 0.066875 0.1575 0.13175
1 0.15633333333333332 0.254875 0.17133333333333334 0.23525
1 0.20483333333333334 0.45675 0.156 0.2
1 0.2639166666666667 0.61975 0.12116666666666667 0.174
1 0.31925 0.760625 0.09083333333333334 0.17625
0 0.40291666666666665 0.81575 0.0825 0.1615
0 0.49 0.835625 0.08566666666666667 0.14875
0 0.5745 0.829375 0.08633333333333333 0.14075
0 0.6536666666666666 0.79925 0.09166666666666666 0.158
1 0.7298333333333333 0.7345 0.10766666666666666 0.1805
1 0.7885 0.5845 0.116 0.185
1 0.8336666666666667 0.429375 0.147 0.24075
2 0.862 0.2265 0.15833333333333333 0.224
3 0.901 0.064125 0.141 0.11925
