2 0.1865 0.471625 0.068 0.15875
2 0.25825 0.439125 0.0825 0.17175
0 0.35025 0.426625 0.09716666666666667 0.17725
0 0.468 0.40875 0.12966666666666668 0.2195
0 0.6005833333333334 0.412 0.12816666666666668 0.226
1 0.7198333333333333 0.425 0.103 0.202
2 0.8129166666666666 0.4565 0.08483333333333333 0.211
2 0.8713333333333333 0.502125 0.058 0.16975
2 0.24191666666666667 0.610875 0.07183333333333333 0.14775
1 0.33108333333333334 0.60375 0.09783333333333333 0.1795
1 0.426 0.594625 0.08333333333333333 0.16525
0 0.5104166666666666 0.5815 0.07683333333333334 0.1565
0 0.589 0.59075 0.07033333333333333 0.1315
0 0.6665833333333333 0.591375 0.07183333333333333 0.17175
2 0.743 0.6125 0.071 0.201
2 0.7974166666666667 0.630875 0.0435 0.15325
