2 0.25783333333333336 0.471125 0.095 0.15125
2 0.34475 0.4815 0.07316666666666667 0.148
2 0.43683333333333335 0.483125 0.105 0.19875
2 0.56075 0.468375 0.1325 0.20225
1 0.697 0.463 0.12833333333333333 0.215
1 0.8444166666666667 0.464625 0.1595 0.25975
2 0.3144166666666667 0.611875 0.1065 0.11075
1 0.4136666666666667 0.642375 0.08633333333333333 0.12825
2 0.5165833333333333 0.661875 0.11516666666666667 0.18925
1 0.6451666666666667 0.6695 0.13033333333333333 0.224
2 0.7690833333333333 0.6635 0.10283333333333333 0.1945
0 0.8673333333333333 0.658125 0.08333333333333333 0.15125
0 0.9488333333333333 0.6625 0.071 0.1555
