1 0.21183333333333335 0.38525 0.15066666666666667 0.3055
1 0.09158333333333334 0.389625 0.1145 0.29225
1 0.16075 0.613625 0.058833333333333335 0.17725
1 0.1075 0.61525 0.04933333333333333 0.174
1 0.22525 0.595125 0.07183333333333333 0.15975
0 0.30133333333333334 0.583125 0.08466666666666667 0.17925
0 0.3556666666666667 0.381 0.13833333333333334 0.264
0 0.40166666666666667 0.570125 0.10733333333333334 0.24025
2 0.5075 0.39225 0.16233333333333333 0.2565
2 0.53325 0.604875 0.14283333333333334 0.24875
2 0.6593333333333333 0.432 0.13833333333333334 0.223
2 0.672 0.605375 0.132 0.19125
2 0.806 0.69075 0.0 0.001
2 0.79225 0.45975 0.12183333333333334 0.174
2 0.9186666666666666 0.444 0.15 0.1685
