3 0.17558333333333334 0.868375 0.1145 0.22175
2 0.20025 0.6935 0.16083333333333333 0.213
2 0.21516666666666667 0.523375 0.12966666666666668 0.15125
2 0.24083333333333334 0.37775 0.12766666666666668 0.149
1 0.2791666666666667 0.233625 0.1 0.16075
1 0.3560833333333333 0.15375 0.10283333333333333 0.151
2 0.4564166666666667 0.117375 0.11216666666666666 0.18275
2 0.5709166666666666 0.117375 0.11383333333333333 0.17825
2 0.6698333333333333 0.15475 0.09566666666666666 0.1315
1 0.7386666666666667 0.251625 0.10733333333333334 0.16625
2 0.7915833333333333 0.394 0.1405 0.173
2 0.8289166666666666 0.5255 0.12683333333333333 0.149
2 0.8459166666666667 0.6995 0.1565 0.238
4 0.8984166666666666 0.858 0.1515 0.225
