1 0.1785 0.3635 0.103 0.236
1 0.27741666666666664 0.423875 0.11516666666666667 0.23925
1 0.40708333333333335 0.412 0.16883333333333334 0.274
0 0.5766666666666667 0.393375 0.17166666666666666 0.29125
1 0.7165 0.405375 0.11233333333333333 0.24575
1 0.8280833333333333 0.36525 0.1065 0.237
0 0.9060833333333334 0.407 0.08983333333333333 0.2055
1 0.5400833333333334 0.561375 0.09416666666666666 0.16625
1 0.7285 0.57175 0.129 0.2
1 0.8176666666666667 0.518375 0.1 0.22175
1 0.2564166666666667 0.52725 0.0965 0.1435
1 0.44125 0.577125 0.08916666666666667 0.18475
