1 0.16333333333333333 0.418 0.09133333333333334 0.1315
1 0.2655 0.441375 0.10733333333333334 0.17175
1 0.37633333333333335 0.426625 0.12766666666666668 0.22275
1 0.50175 0.4695 0.1275 0.226
1 0.6484166666666666 0.45 0.15716666666666668 0.2455
0 0.7890833333333334 0.423375 0.12683333333333333 0.24675
0 0.8690833333333333 0.438 0.049166666666666664 0.213
0 0.91 0.397875 0.058666666666666666 0.20225
0 0.3209166666666667 0.566875 0.10783333333333334 0.17075
0 0.43683333333333335 0.551625 0.121 0.19675
0 0.5545833333333333 0.5755 0.0855 0.1315
0 0.6430833333333333 0.62775 0.0855 0.125
0 0.7255833333333334 0.585875 0.06516666666666666 0.14775
1 0.8339166666666666 0.60975 0.0905 0.1285
0 0.21583333333333332 0.531 0.11366666666666667 0.125
1 0.12083333333333333 0.500625 0.14566666666666667 0.09675
2 0.06658333333333333 0.396125 0.10516666666666667 0.14225
