0 0.07866666666666666 0.104375 0.11133333333333334 0.17275
1 0.14158333333333334 0.277625 0.16583333333333333 0.22625
1 0.17791666666666667 0.452125 0.15083333333333335 0.13875
1 0.226 0.591875 0.144 0.15225
1 0.27408333333333335 0.745875 0.1235 0.16725
0 0.35483333333333333 0.84075 0.109 0.1725
1 0.4688333333333333 0.875875 0.125 0.19775
0 0.5926666666666667 0.849375 0.12266666666666666 0.18975
0 0.6885833333333333 0.78225 0.10383333333333333 0.167
0 0.75825 0.676 0.11883333333333333 0.175
1 0.7855 0.51625 0.14766666666666667 0.1625
1 0.80025 0.362375 0.1395 0.13875
2 0.8021666666666667 0.177625 0.17033333333333334 0.23075
