2 0.15208333333333332 0.16625 0.17016666666666666 0.298
2 0.18608333333333332 0.395625 0.13983333333333334 0.21725
1 0.24225 0.57875 0.1305 0.2295
1 0.2911666666666667 0.76575 0.11233333333333333 0.212
0 0.39408333333333334 0.7495 0.09916666666666667 0.188
0 0.4538333333333333 0.84625 0.07966666666666666 0.1685
0 0.5386666666666666 0.865125 0.084 0.14775
0 0.6013333333333334 0.7695 0.089 0.1955
0 0.6995833333333333 0.726125 0.0985 0.19575
0 0.7520833333333333 0.561375 0.1325 0.23575
1 0.7999166666666667 0.386375 0.14416666666666667 0.19475
2 0.834 0.17825 0.166 0.2935
