0 0.047 0.381375 0.07766666666666666 0.12175
1 0.14233333333333334 0.423375 0.116 0.15775
0 0.25316666666666665 0.4575 0.11166666666666666 0.187
0 0.36875 0.414625 0.16583333333333333 0.24475
0 0.5005833333333334 0.5005 0.12683333333333333 0.1925
0 0.6513333333333333 0.483125 0.17466666666666666 0.27275
0 0.8013333333333333 0.460375 0.124 0.27275
0 0.8875833333333333 0.45975 0.06016666666666667 0.224
0 0.93575 0.408125 0.0435 0.22925
1 0.3973333333333333 0.5635 0.13766666666666666 0.175
1 0.26766666666666666 0.583125 0.116 0.17725
1 0.14916666666666667 0.531 0.131 0.125
