3 0.15866666666666668 0.873875 0.15166666666666667 0.25225
1 0.15708333333333332 0.67275 0.13983333333333334 0.1695
1 0.20275 0.52275 0.13983333333333334 0.1805
0 0.24016666666666667 0.34225 0.12466666666666666 0.1935
0 0.32708333333333334 0.2255 0.1175 0.164
0 0.44016666666666665 0.142375 0.13766666666666666 0.20875
0 0.57775 0.1445 0.13483333333333333 0.1805
0 0.6701666666666667 0.265125 0.111 0.15425
0 0.7785 0.2885 0.11733333333333333 0.164
2 0.7814166666666666 0.498875 0.1405 0.19575
1 0.8314166666666667 0.658625 0.13916666666666666 0.17625
2 0.8415833333333333 0.84125 0.16383333333333333 0.2065
