2 0.12125 0.158125 0.17816666666666667 0.27925
1 0.15316666666666667 0.376625 0.14066666666666666 0.21625
1 0.2155 0.538125 0.13766666666666666 0.22175
0 0.2669166666666667 0.694 0.10283333333333333 0.188
0 0.3709166666666667 0.728125 0.10783333333333334 0.17175
0 0.43716666666666665 0.831 0.09566666666666666 0.125
0 0.52275 0.795625 0.0885 0.13925
0 0.5879166666666666 0.69775 0.10283333333333333 0.1675
0 0.6980833333333333 0.682625 0.11016666666666666 0.18925
1 0.75275 0.530875 0.14283333333333334 0.20975
1 0.8115 0.364125 0.15133333333333332 0.19575
3 0.8825 0.181 0.18333333333333332 0.288
