1 0.185 0.421625 0.116 0.22175
1 0.09233333333333334 0.396625 0.06666666666666667 0.16525
0 0.30566666666666664 0.451 0.12533333333333332 0.224
0 0.41875 0.43425 0.15283333333333332 0.2925
0 0.58975 0.432625 0.1745 0.28275
0 0.7266666666666667 0.432625 0.11666666666666667 0.22825
0 0.8335833333333333 0.380875 0.1045 0.22275
0 0.9118333333333334 0.367375 0.06666666666666667 0.17375
0 0.32375 0.61475 0.1065 0.1685
0 0.22816666666666666 0.55425 0.08033333333333334 0.1805
0 0.1455 0.5445 0.079 0.1675
0 0.5230833333333333 0.590125 0.09916666666666667 0.22175
0 0.8314166666666667 0.523875 0.09716666666666667 0.18025
0 0.6270833333333333 0.594 0.09283333333333334 0.123
0 0.4245833333333333 0.5945 0.09783333333333333 0.1455
