3 0.12108333333333333 0.067 0.1705 0.125
1 0.13733333333333334 0.2675 0.18333333333333332 0.2625
0 0.16466666666666666 0.4765 0.147 0.149
0 0.20825 0.646375 0.1355 0.18625
0 0.2783333333333333 0.787375 0.1 0.18625
0 0.36466666666666664 0.843625 0.09833333333333333 0.17175
0 0.45708333333333334 0.85375 0.0865 0.167
0 0.5430833333333334 0.855 0.0825 0.1625
0 0.6350833333333333 0.8135 0.0985 0.1635
0 0.71575 0.754375 0.10383333333333333 0.17725
0 0.7968333333333333 0.620875 0.13566666666666666 0.20775
1 0.8335833333333333 0.448125 0.14083333333333334 0.18075
2 0.8718333333333333 0.233375 0.184 0.27625
3 0.9055833333333333 0.0555 0.1455 0.0885
