1 0.28975 0.458125 0.1355 0.18825
1 0.16866666666666666 0.453875 0.11666666666666667 0.15975
3 0.08908333333333333 0.514125 0.13983333333333334 0.14775
1 0.439 0.459125 0.15733333333333333 0.25325
1 0.6121666666666666 0.4635 0.15 0.2445
1 0.7473333333333333 0.4435 0.13466666666666666 0.287
0 0.9060833333333334 0.47175 0.17683333333333334 0.187
0 0.593 0.627625 0.12466666666666666 0.21625
1 0.46108333333333335 0.617375 0.13616666666666666 0.23025
0 0.32375 0.61525 0.13116666666666665 0.226
0 0.7039166666666666 0.593375 0.08983333333333333 0.19575
0 0.79625 0.5635 0.08916666666666667 0.1925
