1 0.12891666666666668 0.426625 0.14416666666666667 0.27725
0 0.27566666666666667 0.45325 0.14633333333333334 0.252
0 0.4176666666666667 0.476 0.129 0.2195
1 0.5571666666666667 0.44675 0.14133333333333334 0.2195
0 0.6871666666666667 0.45375 0.116 0.162
0 0.8013333333333333 0.429875 0.108 0.15325
0 0.9031666666666667 0.387375 0.09266666666666666 0.10325
1 0.36183333333333334 0.593375 0.10133333333333333 0.19575
0 0.268 0.62875 0.079 0.114
0 0.4785 0.5945 0.126 0.2045
0 0.6125833333333334 0.58475 0.1305 0.202
0 0.7365 0.540125 0.12166666666666667 0.12825
1 0.8774166666666666 0.4945 0.15583333333333332 0.148
