2 0.16908333333333334 0.867875 0.1755 0.25125
1 0.17491666666666666 0.66525 0.1405 0.1695
2 0.21433333333333332 0.50975 0.13266666666666665 0.1675
1 0.24408333333333335 0.345125 0.1035 0.19225
1 0.33108333333333334 0.24725 0.11083333333333334 0.186
1 0.4320833333333333 0.145625 0.13483333333333333 0.16975
1 0.5698333333333333 0.117875 0.11733333333333333 0.18375
1 0.6570833333333334 0.21025 0.11083333333333334 0.1575
0 0.7564166666666666 0.304375 0.1095 0.17825
1 0.8070833333333334 0.471125 0.12683333333333333 0.17075
1 0.839 0.629875 0.13833333333333334 0.16425
3 0.8495 0.8315 0.16966666666666666 0.252
