2 0.14483333333333334 0.192875 0.12233333333333334 0.20325
3 0.18208333333333335 0.39825 0.13483333333333333 0.262
2 0.23541666666666666 0.582125 0.10516666666666667 0.15975
1 0.2915 0.724375 0.10866666666666666 0.17725
0 0.3615 0.832625 0.10066666666666667 0.15225
0 0.43141666666666667 0.8815 0.0825 0.126
0 0.5104166666666666 0.902125 0.07383333333333333 0.11325
0 0.5843333333333334 0.8815 0.071 0.111
0 0.6608333333333334 0.866875 0.079 0.10975
0 0.7158333333333333 0.7755 0.09766666666666667 0.1555
1 0.7686666666666667 0.643 0.11233333333333333 0.1685
2 0.79375 0.4875 0.10583333333333333 0.1445
4 0.8266666666666667 0.29725 0.11666666666666667 0.236
3 0.83575 0.094125 0.11316666666666667 0.18775
