1 0.1865 0.433125 0.032 0.13175
1 0.21833333333333332 0.437375 0.045 0.14675
1 0.26766666666666666 0.417875 0.059333333333333335 0.15975
1 0.33466666666666667 0.413625 0.08466666666666667 0.17725
0 0.43141666666666667 0.40325 0.10583333333333333 0.187
0 0.5379166666666667 0.420125 0.10583333333333333 0.18375
1 0.63175 0.410875 0.0775 0.17375
1 0.6991666666666667 0.411375 0.066 0.17275
1 0.7524166666666666 0.408625 0.049166666666666664 0.14575
1 0.3155 0.554875 0.06366666666666666 0.15125
1 0.252 0.556375 0.058666666666666666 0.12175
0 0.201 0.55325 0.04066666666666666 0.113
0 0.37783333333333335 0.55875 0.07833333333333334 0.163
0 0.45058333333333334 0.562375 0.06883333333333333 0.14025
1 0.5104166666666666 0.54125 0.04783333333333333 0.0805
0 0.5748333333333333 0.5555 0.07966666666666666 0.1565
0 0.6433333333333333 0.54775 0.07033333333333333 0.1565
0 0.701 0.526125 0.050666666666666665 0.10425
