0 0.197 0.37825 0.089 0.239
1 0.29041666666666666 0.38575 0.11516666666666667 0.237
0 0.42341666666666666 0.4125 0.13916666666666666 0.2425
1 0.5575 0.446125 0.132 0.21425
1 0.68325 0.423375 0.11816666666666667 0.24025
2 0.809 0.419 0.13766666666666666 0.2205
1 0.3383333333333333 0.56675 0.11666666666666667 0.2445
0 0.46108333333333335 0.55975 0.12616666666666668 0.1805
0 0.5948333333333333 0.58575 0.134 0.163
0 0.7578333333333334 0.582 0.18633333333333332 0.164
1 0.2535 0.563 0.047 0.1675
1 0.18866666666666668 0.549375 0.05366666666666667 0.14675
