2 0.13975 0.183125 0.11516666666666667 0.14675
1 0.15575 0.31675 0.1225 0.1685
2 0.17375 0.44775 0.09783333333333333 0.1305
1 0.20425 0.55 0.09783333333333333 0.148
1 0.23716666666666666 0.66675 0.087 0.1425
1 0.2940833333333333 0.738625 0.08183333333333333 0.12075
0 0.3814166666666667 0.767375 0.09116666666666666 0.11525
0 0.4716666666666667 0.76625 0.08766666666666667 0.1065
1 0.5491666666666667 0.73425 0.08333333333333333 0.1205
1 0.5965833333333334 0.654875 0.0855 0.14225
2 0.6263333333333333 0.544 0.10133333333333333 0.149
2 0.6524166666666666 0.4435 0.09116666666666666 0.124
2 0.66475 0.320625 0.12183333333333334 0.16975
3 0.6875833333333333 0.194 0.11383333333333333 0.162
