2 0.13866666666666666 0.8445 0.139 0.2325
2 0.16 0.632 0.13266666666666665 0.2205
1 0.14625 0.44775 0.10516666666666667 0.1545
1 0.185 0.3195 0.09566666666666666 0.163
1 0.24483333333333332 0.2065 0.08633333333333333 0.137
0 0.3030833333333333 0.154875 0.08983333333333333 0.13575
0 0.37666666666666665 0.12825 0.076 0.1195
0 0.4444166666666667 0.155875 0.07683333333333334 0.10975
0 0.5079166666666667 0.120625 0.08483333333333333 0.11725
0 0.5756666666666667 0.15375 0.08266666666666667 0.1425
1 0.62925 0.26025 0.09716666666666667 0.164
1 0.684 0.380875 0.10366666666666667 0.16625
2 0.7209166666666667 0.543375 0.14716666666666667 0.22825
3 0.7745 0.746125 0.14133333333333334 0.22275
