2 0.2788333333333333 0.4005 0.14133333333333334 0.2335
2 0.4096666666666667 0.422875 0.11166666666666666 0.20425
2 0.5245 0.423375 0.12533333333333332 0.21625
1 0.6459166666666667 0.396125 0.13483333333333333 0.21625
1 0.7745 0.376 0.11366666666666667 0.224
0 0.8715833333333334 0.348375 0.10216666666666667 0.22725
0 0.95025 0.353125 0.06816666666666667 0.23475
0 0.46108333333333335 0.5885 0.1275 0.186
1 0.3238333333333333 0.55375 0.14566666666666667 0.1425
0 0.585 0.563625 0.116 0.19025
1 0.6988333333333333 0.560875 0.10866666666666666 0.20875
1 0.793 0.557625 0.07666666666666666 0.19125
0 0.8625833333333334 0.5375 0.0565 0.177
0 0.9425833333333333 0.533625 0.0775 0.15425
