2 0.09525 0.4065 0.04783333333333333 0.102
1 0.14375 0.44075 0.0595 0.149
1 0.1915 0.4505 0.06666666666666667 0.1555
1 0.25675 0.444625 0.0885 0.21525
0 0.34625 0.45375 0.08916666666666667 0.1835
0 0.4513333333333333 0.446625 0.11666666666666667 0.21525
0 0.572 0.45275 0.12033333333333333 0.2185
0 0.6701666666666667 0.442375 0.08466666666666667 0.17625
0 0.7408333333333333 0.433125 0.068 0.18375
0 0.79125 0.4375 0.04416666666666667 0.1705
0 0.822 0.432625 0.026 0.15425
1 0.30641666666666667 0.587 0.0745 0.1805
1 0.22991666666666666 0.579875 0.0695 0.12925
1 0.1775 0.552625 0.05433333333333333 0.11425
1 0.11833333333333333 0.521125 0.059333333333333335 0.12075
0 0.38033333333333336 0.5885 0.079 0.1445
0 0.455 0.602625 0.07033333333333333 0.10975
0 0.6081666666666666 0.58425 0.071 0.1555
1 0.67925 0.59125 0.06516666666666666 0.163
1 0.73725 0.582125 0.0725 0.14025
0 0.5285 0.5945 0.06366666666666666 0.111
