0 0.5616666666666666 0.417375 0.156 0.26025
0 0.69725 0.40825 0.12116666666666667 0.2375
0 0.7926666666666666 0.38625 0.06066666666666667 0.1705
0 0.862 0.347 0.07033333333333333 0.16
0 0.9210833333333334 0.358375 0.04016666666666667 0.13075
0 0.9563333333333334 0.345875 0.044 0.15775
0 0.4105 0.429375 0.14633333333333334 0.25475
0 0.2930833333333333 0.426625 0.1175 0.18975
0 0.206 0.401 0.09166666666666666 0.1865
0 0.13733333333333334 0.370875 0.08333333333333333 0.17175
0 0.07683333333333334 0.33275 0.06666666666666667 0.1385
2 0.09491666666666666 0.465125 0.08483333333333333 0.11925
1 0.21125 0.557125 0.11283333333333333 0.13975
0 0.31125 0.587875 0.08416666666666667 0.14875
2 0.4075 0.6005 0.08866666666666667 0.108
0 0.4969166666666667 0.594125 0.08716666666666667 0.12275
0 0.584 0.59075 0.087 0.118
0 0.6748333333333333 0.574875 0.09166666666666666 0.13175
0 0.7575 0.549875 0.072 0.14775
0 0.8359166666666666 0.5175 0.07116666666666667 0.1715
0 0.8919166666666667 0.506125 0.0545 0.14875
