1 0.22158333333333333 0.461875 0.1225 0.13475
1 0.25966666666666666 0.571625 0.13466666666666666 0.14125
1 0.3365 0.4685 0.1 0.1805
1 0.4394166666666667 0.4625 0.11016666666666666 0.177
0 0.37816666666666665 0.59075 0.10066666666666667 0.138
0 0.48033333333333333 0.577125 0.111 0.16725
0 0.55425 0.439 0.1255 0.213
0 0.6745833333333333 0.4315 0.11516666666666667 0.1915
0 0.7875 0.408625 0.11666666666666667 0.21725
0 0.87275 0.417875 0.11016666666666666 0.22075
0 0.9303333333333333 0.416375 0.05566666666666667 0.17175
1 0.5879166666666666 0.577125 0.1015 0.21325
0 0.6788333333333333 0.572875 0.08766666666666667 0.15875
1 0.7553333333333333 0.5575 0.06366666666666666 0.174
1 0.8165833333333333 0.5745 0.04416666666666667 0.1185
0 0.8715833333333334 0.580875 0.04416666666666667 0.12275
0 0.91 0.5875 0.03266666666666666 0.1315
