2 0.1275219298245614 0.26149684400360684 0.17083333333333334 0.25127742711151185
2 0.17850877192982456 0.4451457769762549 0.15833333333333333 0.1761346558461076
1 0.23530701754385966 0.5936278929966937 0.15745614035087718 0.18575293056807934
0 0.2837719298245614 0.7547339945897205 0.12456140350877193 0.17493237150586113
1 0.38596491228070173 0.8497144574691915 0.1206140350877193 0.1587015329125338
3 0.09309210526315789 0.09768560264502554 0.1611842105263158 0.17493237150586113
3 0.5035087719298246 0.893297264803126 0.1394736842105263 0.19416892094980462
3 0.6413377192982456 0.8739104298166517 0.14100877192982456 0.15779981965734896
1 0.7467105263157895 0.8352870453862339 0.11973684210526316 0.16831980763450555
0 0.8214912280701754 0.7031860535016531 0.13157894736842105 0.17703636910129245
1 0.8531798245614035 0.5503456567478209 0.15416666666666667 0.18034265103697025
1 0.8919956140350878 0.39344755034565676 0.14407894736842106 0.16110610159302674
2 0.9087719298245615 0.22602945596633603 0.15745614035087718 0.2254283137962128
