4 0.10407925407925409 0.8585247883917775 0.1797202797202797 0.2267230955259976
3 0.12703962703962704 0.62953446191052 0.17575757575757575 0.2330713422007255
1 0.17855477855477855 0.44966747279322855 0.14731934731934732 0.16293833131801694
1 0.2202797202797203 0.2974607013301088 0.12913752913752913 0.16505441354292624
0 0.29102564102564105 0.17759975816203144 0.10745920745920746 0.1435912938331318
1 0.36305361305361306 0.1124546553808948 0.09673659673659674 0.12515114873035066
1 0.44965034965034967 0.07784159613059251 0.08997668997668998 0.13391777509068925
1 0.539044289044289 0.08645707376058041 0.08741258741258741 0.13180169286577992
1 0.6306526806526807 0.0912938331318017 0.09906759906759907 0.13301088270858524
1 0.6935897435897436 0.14903264812575576 0.10326340326340326 0.14268440145102781
0 0.7700466200466201 0.2629987908101572 0.12657342657342657 0.1825876662636034
1 0.8125874125874126 0.41626360338573154 0.13006993006993006 0.1717049576783555
3 0.860955710955711 0.5999093107617895 0.1731934731934732 0.24516324062877873
4 0.8878787878787879 0.8302599758162031 0.17902097902097902 0.23548972188633616
