2 0.152 0.9065 0.14133333333333334 0.187
2 0.19591666666666666 0.75275 0.15516666666666667 0.2315
1 0.21875 0.583125 0.12816666666666668 0.13825
2 0.23758333333333334 0.44725 0.11816666666666667 0.1465
2 0.2618333333333333 0.29725 0.10733333333333334 0.175
2 0.3314166666666667 0.21525 0.1015 0.1435
2 0.42091666666666666 0.139625 0.12383333333333334 0.16175
2 0.5339166666666667 0.164625 0.1225 0.15775
2 0.6419166666666667 0.201625 0.0965 0.13375
1 0.7064166666666667 0.298875 0.1035 0.16075
2 0.7466666666666667 0.446125 0.12166666666666667 0.15975
1 0.7726666666666666 0.57825 0.113 0.15
3 0.8093333333333333 0.739625 0.147 0.24225
2 0.8568333333333333 0.89025 0.142 0.1935
