1 0.08716666666666667 0.42275 0.07533333333333334 0.1325
1 0.19341666666666665 0.461375 0.1195 0.13575
1 0.2995 0.488625 0.084 0.12725
1 0.38866666666666666 0.4875 0.1 0.151
1 0.49916666666666665 0.485875 0.12666666666666668 0.20425
0 0.6224166666666666 0.475 0.11083333333333334 0.198
0 0.739 0.464625 0.12966666666666668 0.22275
0 0.8593333333333333 0.408625 0.11966666666666667 0.23925
0 0.91 0.402125 0.042666666666666665 0.18275
1 0.9346666666666666 0.398875 0.034 0.19125
2 0.18466666666666667 0.5625 0.147 0.123
1 0.29633333333333334 0.594625 0.092 0.10875
0 0.3908333333333333 0.608125 0.10433333333333333 0.14675
0 0.49441666666666667 0.617375 0.10716666666666666 0.15425
0 0.5980833333333333 0.596125 0.08416666666666667 0.17725
0 0.6839166666666666 0.6055 0.06016666666666667 0.15
0 0.751 0.62225 0.06233333333333333 0.112
0 0.8075 0.570625 0.030333333333333334 0.14125
0 0.847 0.5875 0.042666666666666665 0.138
