0 0.21908333333333332 0.4995 0.07683333333333334 0.201
0 0.3085833333333333 0.495625 0.10516666666666667 0.20675
0 0.43033333333333335 0.48475 0.14 0.248
0 0.5625833333333333 0.43525 0.1435 0.2575
0 0.676 0.44675 0.108 0.213
1 0.7709166666666667 0.433125 0.08616666666666667 0.22275
1 0.8289166666666666 0.458125 0.04716666666666667 0.16425
1 0.19625 0.637 0.07016666666666667 0.1065
1 0.2695 0.636875 0.066 0.14575
1 0.356 0.64225 0.07533333333333334 0.15
1 0.447 0.6505 0.08633333333333333 0.123
0 0.5350833333333334 0.636375 0.0855 0.15525
0 0.62775 0.613625 0.07683333333333334 0.14025
1 0.7158333333333333 0.5945 0.08633333333333333 0.2545
1 0.7915833333333333 0.614 0.06383333333333334 0.1565
