2 0.12516666666666668 0.92175 0.147 0.1565
2 0.1575 0.798875 0.17233333333333334 0.23275
1 0.17925 0.62175 0.1175 0.15
3 0.22308333333333333 0.474875 0.13683333333333333 0.17175
1 0.27341666666666664 0.34175 0.1015 0.175
0 0.33975 0.220625 0.11516666666666667 0.13275
0 0.4539166666666667 0.16725 0.12616666666666668 0.15
0 0.5756666666666667 0.170125 0.12033333333333333 0.15325
0 0.6644166666666667 0.251625 0.1095 0.15975
0 0.73425 0.37825 0.11016666666666666 0.1915
1 0.7861666666666667 0.564125 0.12533333333333332 0.15425
4 0.8213333333333334 0.743375 0.158 0.25425
3 0.8545833333333334 0.90925 0.1595 0.1815
