0 0.09775 0.440125 0.08483333333333333 0.22175
0 0.19766666666666666 0.451 0.13266666666666665 0.2675
0 0.3451666666666667 0.448375 0.161 0.27275
0 0.4995 0.4375 0.14066666666666666 0.236
1 0.6255833333333334 0.4255 0.1145 0.1945
1 0.74375 0.396625 0.1115 0.17825
1 0.8306666666666667 0.419 0.09133333333333334 0.149
2 0.08066666666666666 0.598375 0.084 0.14875
2 0.14775 0.626625 0.0645 0.14475
1 0.2235 0.625 0.07966666666666666 0.111
0 0.302 0.624375 0.092 0.14675
0 0.39591666666666664 0.602125 0.08683333333333333 0.17625
0 0.5035 0.582625 0.11533333333333333 0.16725
0 0.61625 0.599375 0.1015 0.20325
1 0.72675 0.569 0.11516666666666667 0.2335
1 0.8289166666666666 0.573375 0.10216666666666667 0.20125
