4 0.11908333333333333 0.144625 0.15083333333333335 0.23475
3 0.17633333333333334 0.351625 0.15933333333333333 0.24875
2 0.21325 0.530875 0.11883333333333333 0.15975
2 0.23833333333333334 0.67825 0.108 0.1585
0 0.2925833333333333 0.794 0.09783333333333333 0.1685
0 0.36983333333333335 0.834125 0.09133333333333334 0.15325
1 0.4484166666666667 0.876125 0.08616666666666667 0.15225
1 0.5325 0.860875 0.08766666666666667 0.15225
0 0.6110833333333333 0.83525 0.09283333333333334 0.138
1 0.6774166666666667 0.77225 0.0965 0.149
1 0.7375833333333334 0.662 0.10783333333333334 0.1565
2 0.7636666666666667 0.5195 0.11966666666666667 0.163
3 0.79875 0.34675 0.1565 0.2455
4 0.8575 0.13425 0.15666666666666668 0.238
