4 0.10208333333333333 0.1315 0.1645 0.239
3 0.14775 0.364625 0.1615 0.25525
2 0.197 0.545625 0.12666666666666668 0.14775
1 0.2405 0.683125 0.105 0.16825
0 0.3100833333333333 0.7875 0.08916666666666667 0.1445
0 0.38325 0.85 0.08616666666666667 0.126
0 0.4615 0.86575 0.07766666666666666 0.127
0 0.54125 0.86625 0.0775 0.1195
0 0.62375 0.845625 0.08483333333333333 0.12825
0 0.6886666666666666 0.789125 0.09 0.14125
1 0.75425 0.682625 0.1065 0.16525
2 0.7944166666666667 0.542375 0.1275 0.16325
1 0.8368333333333333 0.3635 0.15133333333333332 0.249
2 0.8835833333333334 0.132 0.16083333333333333 0.2445
