2 0.07891666666666666 0.416875 0.13116666666666665 0.15325
3 0.18683333333333332 0.44775 0.09066666666666667 0.1305
2 0.285 0.44725 0.11733333333333333 0.2075
2 0.4111666666666667 0.4575 0.13333333333333333 0.237
1 0.5411666666666667 0.46525 0.121 0.224
1 0.6694166666666667 0.455875 0.1355 0.25975
1 0.80175 0.4255 0.13183333333333333 0.273
1 0.9020833333333333 0.426125 0.06016666666666667 0.24125
1 0.9560833333333333 0.408625 0.0405 0.20875
0 0.368 0.583625 0.118 0.18925
0 0.4875833333333333 0.582625 0.11083333333333334 0.17175
1 0.24191666666666667 0.56075 0.11083333333333334 0.15
2 0.12525 0.521125 0.15283333333333332 0.10975
