3 0.14408333333333334 0.311375 0.07016666666666667 0.18575
2 0.21516666666666667 0.339625 0.079 0.20975
2 0.30383333333333334 0.366875 0.10433333333333333 0.21425
1 0.42591666666666667 0.373375 0.13983333333333334 0.24875
0 0.5825 0.371125 0.137 0.25325
1 0.709 0.37225 0.10866666666666666 0.227
1 0.8104166666666667 0.35425 0.08683333333333333 0.224
1 0.89375 0.320625 0.07383333333333333 0.19325
1 0.21225 0.470625 0.08616666666666667 0.11525
0 0.8445 0.457 0.07833333333333334 0.1705
0 0.48391666666666666 0.44725 0.07616666666666666 0.175
