5 0.07216666666666667 0.543125 0.11666666666666667 0.17275
0 0.14458333333333334 0.405 0.14916666666666667 0.142
3 0.18508333333333332 0.591375 0.14083333333333334 0.18075
0 0.28625 0.424875 0.14783333333333334 0.22725
0 0.4344166666666667 0.43625 0.1485 0.241
0 0.40058333333333335 0.6305 0.14016666666666666 0.2205
0 0.5949166666666666 0.41925 0.17883333333333334 0.3045
0 0.534 0.613 0.11133333333333334 0.1625
0 0.642 0.59875 0.11366666666666667 0.166
0 0.7566666666666667 0.385 0.15533333333333332 0.309
1 0.8850833333333333 0.3635 0.10916666666666666 0.275
0 0.7344166666666667 0.587375 0.08183333333333333 0.13425
0 0.8233333333333334 0.550375 0.06133333333333333 0.09875
0 0.9025 0.525375 0.056 0.14425
