1 0.14591666666666667 0.420625 0.12616666666666668 0.19125
1 0.2785 0.42225 0.139 0.2665
1 0.42675 0.421125 0.1515 0.29875
0 0.57275 0.430875 0.1405 0.24025
0 0.7136666666666667 0.431 0.14133333333333334 0.249
0 0.8553333333333333 0.3875 0.14333333333333334 0.277
1 0.20033333333333334 0.592875 0.13333333333333333 0.20525
2 0.07275 0.570625 0.13916666666666666 0.17625
1 0.3365 0.613 0.14933333333333335 0.25
1 0.47525 0.613625 0.1255 0.27725
0 0.597 0.6125 0.10933333333333334 0.2075
0 0.6915 0.61025 0.07966666666666666 0.1555
0 0.76725 0.5995 0.07316666666666667 0.1815
0 0.8386666666666667 0.594625 0.06966666666666667 0.13475
