1 0.13825 0.4385 0.1515 0.2445
0 0.2871666666666667 0.4385 0.15366666666666667 0.262
0 0.4255833333333333 0.436375 0.1275 0.25125
1 0.56 0.423875 0.134 0.28275
1 0.6883333333333334 0.433125 0.12533333333333332 0.23375
2 0.7999166666666667 0.42275 0.11383333333333333 0.189
2 0.9176666666666666 0.417375 0.129 0.15425
1 0.08283333333333333 0.596125 0.07966666666666666 0.15975
0 0.16291666666666665 0.61575 0.08183333333333333 0.1555
1 0.24875 0.621125 0.0855 0.17075
0 0.3426666666666667 0.607625 0.105 0.19775
1 0.46075 0.6125 0.1195 0.2445
1 0.58975 0.608625 0.13683333333333333 0.20875
1 0.7154166666666667 0.60225 0.1275 0.1935
1 0.8593333333333333 0.567375 0.16166666666666665 0.16975
