1 0.11875 0.397875 0.12383333333333334 0.14775
2 0.18175 0.529875 0.16016666666666668 0.15775
1 0.23541666666666666 0.439125 0.09916666666666667 0.16725
0 0.3495 0.469 0.126 0.1925
2 0.47341666666666665 0.4825 0.13183333333333333 0.174
0 0.59625 0.417375 0.1325 0.21525
0 0.7476666666666667 0.39675 0.16733333333333333 0.289
0 0.897 0.38575 0.14266666666666666 0.2305
1 0.31583333333333335 0.563 0.108 0.1435
1 0.41725 0.60375 0.11816666666666667 0.1705
1 0.5451666666666667 0.60975 0.12766666666666668 0.252
0 0.6724166666666667 0.613 0.12683333333333333 0.2415
