0 0.08758333333333333 0.440125 0.12816666666666668 0.26075
0 0.22416666666666665 0.426 0.14933333333333335 0.274
0 0.3596666666666667 0.445625 0.12333333333333334 0.19575
0 0.4860833333333333 0.411375 0.13116666666666665 0.26425
0 0.622 0.4505 0.13466666666666666 0.201
0 0.7404166666666666 0.471125 0.10216666666666667 0.12725
5 0.88 0.430375 0.10866666666666666 0.12375
4 0.8158333333333333 0.521625 0.17166666666666666 0.13475
0 0.6825 0.570625 0.111 0.13475
0 0.572 0.58475 0.12333333333333334 0.202
0 0.443 0.59725 0.12766666666666668 0.2465
0 0.3245 0.601 0.108 0.226
0 0.222 0.617375 0.09266666666666666 0.13025
