0 0.14408333333333334 0.445125 0.052833333333333336 0.18375
0 0.20933333333333334 0.46075 0.079 0.163
0 0.293 0.402625 0.113 0.19675
0 0.4270833333333333 0.410875 0.1595 0.27825
0 0.5879166666666666 0.40375 0.1595 0.2685
0 0.7190833333333333 0.413 0.10283333333333333 0.2
0 0.82925 0.37225 0.1115 0.2335
0 0.91075 0.398375 0.08183333333333333 0.17925
1 0.20383333333333334 0.585875 0.087 0.14575
1 0.27416666666666667 0.59825 0.09266666666666666 0.212
0 0.37275 0.608125 0.10283333333333333 0.22075
0 0.4643333333333333 0.59625 0.079 0.188
0 0.56325 0.598875 0.11016666666666666 0.18475
0 0.6774166666666667 0.567875 0.11383333333333333 0.21425
0 0.7745833333333333 0.560375 0.0935 0.22725
0 0.8625833333333334 0.538125 0.0885 0.17825
