2 0.10275 0.860375 0.15583333333333332 0.20975
2 0.11758333333333333 0.6885 0.1565 0.2315
1 0.14983333333333335 0.520625 0.121 0.14325
1 0.19883333333333333 0.402125 0.129 0.17375
0 0.25425 0.26675 0.10516666666666667 0.162
2 0.31766666666666665 0.179375 0.10133333333333333 0.13925
1 0.42133333333333334 0.12825 0.129 0.126
1 0.5615 0.129875 0.12833333333333333 0.12075
1 0.6723333333333333 0.17125 0.092 0.1315
0 0.7375833333333334 0.276 0.10216666666666667 0.1695
1 0.7973333333333333 0.40925 0.126 0.1705
1 0.8440833333333333 0.53475 0.1255 0.163
1 0.8825 0.701125 0.15433333333333332 0.24575
2 0.8941666666666667 0.8815 0.15433333333333332 0.211
