5 0.109 0.133875 0.16433333333333333 0.23875
0 0.16691666666666666 0.440125 0.11516666666666667 0.17625
0 0.22 0.590125 0.13033333333333333 0.21925
0 0.2945833333333333 0.705 0.1115 0.199
0 0.35291666666666666 0.781125 0.09483333333333334 0.13975
0 0.4389166666666667 0.8175 0.08783333333333333 0.133
0 0.5219166666666667 0.81975 0.08716666666666667 0.1445
0 0.60325 0.79075 0.1015 0.1385
0 0.6771666666666667 0.7345 0.11133333333333334 0.176
0 0.7654166666666666 0.658375 0.12283333333333334 0.19225
1 0.7908333333333334 0.50275 0.131 0.167
3 0.82875 0.333375 0.19016666666666668 0.26475
1 0.8825 0.122625 0.178 0.21825
