2 0.12375 0.398375 0.1225 0.14675
2 0.18175 0.536375 0.15716666666666668 0.16425
1 0.23575 0.436875 0.10283333333333333 0.16525
1 0.3129166666666667 0.563625 0.10216666666666667 0.15325
0 0.34991666666666665 0.4685 0.1225 0.189
2 0.4741666666666667 0.48525 0.13033333333333333 0.1705
1 0.597 0.416875 0.13266666666666665 0.21625
0 0.7473333333333333 0.401125 0.16666666666666666 0.28475
0 0.9006666666666666 0.3875 0.14133333333333334 0.2295
1 0.5423333333333333 0.607625 0.13333333333333333 0.24775
1 0.41691666666666666 0.61025 0.12016666666666667 0.1815
1 0.6701666666666667 0.61625 0.124 0.2455
0 0.7655 0.589 0.071 0.1435
0 0.85275 0.54175 0.0935 0.125
