0 0.08791666666666667 0.436375 0.1305 0.25325
0 0.22016666666666668 0.423375 0.15133333333333332 0.27725
0 0.36 0.44175 0.12533333333333332 0.199
0 0.48975 0.411875 0.12816666666666668 0.25875
0 0.6194166666666666 0.45325 0.14283333333333334 0.1935
1 0.7411666666666666 0.466875 0.10366666666666667 0.12725
5 0.8748333333333334 0.430375 0.10433333333333333 0.13275
4 0.8136666666666666 0.521125 0.17333333333333334 0.14025
0 0.6814166666666667 0.570125 0.11016666666666666 0.14025
1 0.5724166666666667 0.589625 0.12683333333333333 0.21175
0 0.443 0.59825 0.13333333333333333 0.2185
0 0.32458333333333333 0.60475 0.1065 0.2315
0 0.22233333333333333 0.61675 0.08633333333333333 0.1315
