0 0.28975 0.40425 0.11216666666666666 0.2
0 0.4285 0.407 0.15933333333333333 0.2685
0 0.5893333333333334 0.401 0.158 0.274
0 0.7198333333333333 0.40925 0.09866666666666667 0.2055
0 0.8285 0.3745 0.11166666666666666 0.238
0 0.9104166666666667 0.403125 0.08116666666666666 0.16525
0 0.20633333333333334 0.45975 0.08333333333333333 0.174
0 0.143 0.441375 0.056666666666666664 0.18475
1 0.10058333333333333 0.41575 0.0485 0.1705
1 0.27458333333333335 0.59625 0.0935 0.2055
1 0.20133333333333334 0.586375 0.076 0.13825
0 0.3745 0.608125 0.105 0.22725
0 0.46908333333333335 0.59125 0.08116666666666666 0.1915
0 0.5618333333333333 0.59825 0.11166666666666666 0.188
0 0.6745833333333333 0.57125 0.11516666666666667 0.225
0 0.7774166666666666 0.554375 0.09216666666666666 0.20875
0 0.8636666666666667 0.53575 0.08766666666666667 0.187
