1 0.21766666666666667 0.414125 0.04633333333333333 0.13925
2 0.26616666666666666 0.40425 0.074 0.187
1 0.33975 0.40425 0.0935 0.1825
0 0.44083333333333335 0.401 0.12166666666666667 0.226
0 0.5669166666666666 0.398875 0.12316666666666666 0.21975
1 0.6780833333333334 0.390625 0.0935 0.19025
2 0.76725 0.38575 0.07316666666666667 0.2305
1 0.8295833333333333 0.39725 0.0485 0.138
1 0.2205 0.54675 0.055 0.1455
1 0.17816666666666667 0.52775 0.04566666666666667 0.1315
1 0.25933333333333336 0.5745 0.06166666666666667 0.162
1 0.31983333333333336 0.5625 0.06233333333333333 0.173
0 0.39008333333333334 0.554375 0.0725 0.16075
0 0.47308333333333336 0.5635 0.07616666666666666 0.112
0 0.5531666666666667 0.570625 0.084 0.12625
0 0.6364166666666666 0.558125 0.08116666666666666 0.16425
0 0.7169166666666666 0.560875 0.07683333333333334 0.21075
1 0.78975 0.57 0.0775 0.138
3 0.8360833333333333 0.532 0.07616666666666666 0.138
