1 0.2133382461311717 0.42912406742193976 0.10980103168754606 0.18789720917380492
1 0.3198231392778187 0.4783089251174358 0.09874723655121592 0.18458137607073777
1 0.4252026529108327 0.46172975960210005 0.13854089904200442 0.23100303951367782
1 0.5685335298452469 0.4584139264990329 0.14222549742078114 0.22437137330754353
0 0.6857037582903464 0.4506769825918762 0.0950626381724392 0.19121304227687205
1 0.7693441414885778 0.4324399005250069 0.0707442888725129 0.17905498756562585
0 0.843036109064112 0.389334070185134 0.06779661016949153 0.1038961038961039
2 0.8529845246868092 0.4462558717877867 0.11864406779661017 0.10500138159712628
1 0.7225497420781135 0.5683890577507599 0.08327192336035372 0.1525283227410887
1 0.7988209285187915 0.5877314175186515 0.079587324981577 0.14479137883393203
1 0.8404568901989683 0.5297043382149765 0.08327192336035372 0.09505388228792484
1 0.6363301400147384 0.5755733628074053 0.08769344141488578 0.12489638021552915
1 0.28224023581429625 0.5645205857971816 0.09285187914517318 0.17573915446255872
2 0.1890198968312454 0.5705996131528046 0.11422254974207811 0.09284332688588008
1 0.1890198968312454 0.632495164410058 0.07737656595431099 0.09947499309201437
