1 0.13661151960784315 0.3670343137254901 0.10753676470588236 0.1899509803921569
1 0.1258578431372549 0.49142156862745096 0.1178921568627451 0.1348039215686275
1 0.24215686274509807 0.45772058823529405 0.11151960784313726 0.1580882352941176
1 0.24136029411764703 0.5796570735756551 0.14656862745098037 0.12745140205327127
1 0.33017769607843134 0.4852941176470588 0.0772671568627451 0.15931372549019607
1 0.3950980392156863 0.47181372549019607 0.09240196078431374 0.2083333333333333
0 0.3409313725490196 0.6090686274509803 0.09240196078431379 0.11519607843137245
1 0.4313419176867111 0.6384804511894189 0.10753670548583036 0.18627462786903376
1 0.49785537833885085 0.46874999999999983 0.13063722726593635 0.2561274509803921
1 0.6268995058559178 0.48651951507769203 0.12745097249614973 0.23529430317794875
1 0.5404718137254904 0.6390931372549019 0.10435049019607852 0.2095588235294118
0 0.6472120098039217 0.6580882352941175 0.09957107843137265 0.1568627450980392
1 0.758731617647059 0.4895832574343328 0.1521446078431373 0.2659315243470207
1 0.8933517156862746 0.5006127450980392 0.13780637254901962 0.24142156862745104
0 0.7463848098435737 0.6636029411764706 0.0892156981185202 0.14583333333333334
1 0.8344056372549019 0.6439950980392157 0.08204656862745097 0.0992647058823529
0 0.9757965429654283 0.5183823529411759 0.03664220818679051 0.1715686274509803
0 0.917248774509804 0.6286764705882353 0.06930147058823537 0.05392156862745097
