2 0.2809531566272863 0.29864196961714884 0.12167322250280531 0.195559779443876
3 0.25449169337735084 0.16129356421006869 0.10732959879594833 0.14457726884955815
1 0.3113714346747428 0.434468509036339 0.09941589565891984 0.13088047495854738
2 0.34129514182142884 0.5588809750008413 0.10584574513816258 0.13468529701929932
2 0.4266147366077196 0.7681376268812404 0.08358848938486303 0.13316327394038255
2 0.746130500765243 0.5889379068071827 0.10139432144317709 0.13544607292221755
0 0.3707242082024561 0.674542868626 0.07963163781634869 0.13925073789194273
0 0.49610694227975066 0.8252076014271184 0.09694286342859854 0.13164140795249252
1 0.591813303075886 0.8291705428593379 0.09051300659515733 0.14229446986772298
1 0.6502315501379761 0.7565697214478303 0.08068663858312915 0.12112656820312827
1 0.7169585554291062 0.6985835983718646 0.0806866164431122 0.13830764170711796
1 0.7494844848926047 0.46857197683720087 0.1033011850702228 0.1318647391431218
4 0.8009357871143981 0.17627896385057432 0.10888505333153546 0.1735288423902971
3 0.7643615886546649 0.3173785477368485 0.12507819158527703 0.19457562196316922
