4 0.1348122111843235 0.2913385826771654 0.17122134851147655 0.16797900262467194
4 0.8930078952538216 0.2513123359580053 0.1505567030014707 0.1876640419947507
6 0.1549848413250434 0.43700787401574814 0.1958221169757691 0.18110236220472464
6 0.8708672036359582 0.4101049868766404 0.17712553294290673 0.21653543307086623
2 0.834950081678091 0.5465879265091864 0.15646088743290107 0.15091863517060367
2 0.17515747146576335 0.5708661417322834 0.16334910260290286 0.12860892388451453
1 0.18745785569790968 0.7198162729658794 0.12300384232146301 0.15879265091863515
1 0.8059211748902257 0.6804461942257218 0.12792399601432167 0.1876640419947507
2 0.7203105006344876 0.7854330708661418 0.12005175010574803 0.1640419947506561
1 0.389184157105109 0.8385826771653544 0.10922741198145922 0.14173228346456695
1 0.5033317227794266 0.8536745406824147 0.09741904311859863 0.12467191601049876
1 0.6120671193916 0.8444881889763781 0.10824338124288743 0.09842519685039364
1 0.2848768988165084 0.8175853018372703 0.08757873573288172 0.12335958005249353
