6 0.8636811023622051 0.3005249343832018 0.1820866141732286 0.2152230971128608
6 0.8021653543307088 0.47834645669291315 0.16535433070866154 0.23228346456692905
6 0.10137795275590551 0.2900262467191601 0.19094488188976377 0.19422572178477693
6 0.12450787401574803 0.48425196850393704 0.17224409448818898 0.23359580052493434
0 0.15994094488188976 0.6496062992125985 0.14862204724409447 0.18897637795275593
0 0.21948818897637795 0.746719160104987 0.12401574803149608 0.11286089238845136
3 0.2987204724409449 0.7979002624671915 0.11712598425196848 0.10761154855643028
1 0.39468503937007865 0.8379265091863517 0.10039370078740156 0.12467191601049876
1 0.4906496062992126 0.8392388451443569 0.09153543307086615 0.13254593175853002
2 0.5994094488188977 0.8044619422572178 0.11417322834645674 0.13910761154855636
0 0.6978346456692912 0.7664041994750656 0.11811023622047244 0.15485564304461946
0 0.2637795275590551 0.85498687664042 0.007874015748031553 0.014435695538057871
3 0.7662401574803149 0.6620734908136483 0.1289370078740157 0.20603674540682412
