1 0.17086397058823533 0.40625 0.12187500000000001 0.19240196078431368
1 0.1848039215686274 0.5667892747188307 0.13382352941176473 0.15318639257491554
0 0.2815870098039216 0.5974264705882353 0.10594362745098042 0.13112745098039214
1 0.27959558823529407 0.45710809613392356 0.12426470588235296 0.21323580011098378
1 0.37359068627450986 0.42830882352941174 0.12107843137254903 0.24877450980392163
0 0.3620404411764707 0.6219362745098037 0.12346813725490197 0.18749999999999992
1 0.4496629901960785 0.6617647817813535 0.13621323529411763 0.26960799493525595
1 0.5030330882352942 0.4221814147151309 0.14258578431372548 0.23897050390307104
0 0.5683517156862746 0.6286764705882354 0.120281862745098 0.22303921568627458
0 0.6492034313725492 0.40134803921568624 0.1704656862745098 0.28799019607843135
0 0.8180759803921569 0.4099264705882353 0.1736519607843138 0.28553921568627455
0 0.6794730392156864 0.6366421568627451 0.11470588235294116 0.21200980392156865
0 0.7838235294117654 0.624387322367739 0.11311274509803931 0.22671582120606637
0 0.8837928921568629 0.6029411764705884 0.08841911764705884 0.21078431372549025
1 0.9427389646662293 0.4019608349130595 0.09957106658736226 0.24019597723270564
1 0.9594669117647061 0.6194852941176471 0.06930147058823521 0.24632352941176472
