0 0.05934436274509805 0.41911764705882354 0.06292892156862746 0.0882352941176471
1 0.05416666666666667 0.4932597280225679 0.060539215686274496 0.06495082859415598
0 0.10435049019607842 0.5484068627450981 0.06691176470588235 0.10661764705882348
0 0.10156251381801214 0.45404411764705876 0.05337012567523993 0.11642156862745091
0 0.15294117647058825 0.44117647058823534 0.06691176470588238 0.16176470588235298
0 0.23259803921568623 0.4577207231668505 0.09080882352941172 0.20465713260821136
1 0.2608762254901961 0.5894607843137255 0.09797794117647057 0.12009803921568625
1 0.3261948529411765 0.45649509803921573 0.09957107843137254 0.18750000000000008
0 0.17365196078431375 0.5729166666666666 0.06850490196078432 0.1482843137254902
0 0.4405651463948045 0.4650870188745481 0.13229145136309348 0.2258215872338776
1 0.34636325263477685 0.5771402621602202 0.07915189557602641 0.1332061514569458
0 0.44390960281649955 0.6051535729816381 0.07283460813568617 0.07489272893072922
0 0.5919942617298071 0.4570832157827148 0.13191984437777166 0.22353478635049678
1 0.5934806574400728 0.5937195764330534 0.07469269094838844 0.06574552539720498
1 0.6993881390067257 0.43564445750101816 0.09401610131800311 0.18980447332062667
1 0.6843381306929741 0.576568561939375 0.0921580756002561 0.12291554748173106
0 0.7815128757311475 0.44479166103454226 0.07840868528892742 0.20352527862091294
1 0.8403955908455242 0.44707846191792344 0.06131484868565437 0.15207225874483946
0 0.7703480212864585 0.602866772098257 0.08769881387766304 0.16179116249920894
0 0.8286900288237175 0.5631336067495114 0.0616864538292036 0.14292505521131538
2 0.8764412897698177 0.5468402015995071 0.06949016184374135 0.1080514440279259
1 0.8857314183585534 0.45136621357426276 0.047193853230776316 0.11834194571496895
1 0.9262363790054401 0.4262114038570713 0.04422101208238104 0.10347773997299228
0 0.9089567398303922 0.5042484840024494 0.02526914976136041 0.051453019876073466
