1 0.17086397058823533 0.13480392156862744 0.1569240196078432 0.2205882352941176
2 0.2087009803921569 0.35110294117647056 0.1529411764705883 0.2512254901960784
1 0.21268382352941181 0.5484068627450981 0.13541666666666674 0.19975490196078433
0 0.24255514705882356 0.6960784313725489 0.1107230392156863 0.18137254901960786
0 0.2903492647058824 0.8174019607843137 0.09638480392156865 0.13480392156862733
1 0.3747855392156863 0.8223039215686273 0.09001225490196077 0.12990196078431368
1 0.4253676470588236 0.8743872549019608 0.09718137254901961 0.11151960784313729
0 0.5663602941176472 0.8204656862745098 0.09877450980392155 0.13357843137254904
1 0.6555759803921569 0.835171568627451 0.09877450980392148 0.15318627450980388
4 0.7332414314386361 0.7414215686274508 0.11709560797531164 0.19607843137254904
1 0.7722732843137255 0.5870098039215687 0.1330269607843138 0.18137254901960795
2 0.8033394410442963 0.4215686274509802 0.15851719634277975 0.24754901960784292
3 0.8670649509803923 0.20588235294117652 0.15851715686274503 0.26470588235294124
1 0.490686274509804 0.8547794117647058 0.08284313725490193 0.13112745098039214
