1 0.15493259803921572 0.8455882352941176 0.12984068627450981 0.1985294117647058
1 0.18679534313725493 0.6856617647058824 0.13780637254901962 0.22181372549019612
1 0.23020833333333335 0.5306372549019608 0.12426470588235293 0.14950980392156857
0 0.26645220588235297 0.39828431372549017 0.11550245098039212 0.14950980392156865
0 0.3070771960123444 0.2653186274509804 0.07567403934786057 0.13848039215686267
0 0.38373650686035915 0.20344096180787422 0.09646869526542938 0.12388749844323868
0 0.47264303745455793 0.16067781558168406 0.10914043066046468 0.15029998806021908
0 0.581170319628166 0.15942007509582448 0.10791413368675137 0.1465267666026404
0 0.6574051097624539 0.2144461607661101 0.09033718405951309 0.13332057805264436
0 0.7232163857499316 0.30846232267018403 0.09033721039686399 0.14904224757435947
1 0.7485598565400022 0.4452416005074128 0.12385599434502154 0.15973304170416597
1 0.7782446305868836 0.5760466110368085 0.1254910569766389 0.14464015587385098
1 0.7835585841396403 0.7436405307775967 0.1426592146086223 0.2119292718673384
1 0.8270921267064526 0.8832498978110678 0.13489266710843892 0.18425932738454698
