4 0.891340143433508 0.32414698162729655 0.154374409839008 0.21784776902887143
5 0.8756077195008704 0.5354330708661419 0.195672022662182 0.23622047244094485
4 0.785637920136098 0.5216535433070866 0.003933105983159493 0.003937007874015777
5 0.15289949509532316 0.26837270341207353 0.16224062180532683 0.20078740157480313
5 0.14945802736005867 0.47965879265091865 0.1828894282169139 0.22440944881889763
2 0.1833810664648088 0.6253280839895013 0.1268426679568919 0.12729658792650922
0 0.8175944062492684 0.6719160104986877 0.12880922094847164 0.17585301837270342
0 0.7723636874429348 0.7939632545931758 0.12487611496531216 0.17060367454068243
0 0.6268387660660356 0.9114173228346456 0.11111024402425414 0.09055118110236209
0 0.4636148677649189 0.9311023622047244 0.09734437308319599 0.09580052493438317
0 0.3638123034422482 0.9127296587926509 0.10226075556214546 0.0931758530183727
0 0.28367526903537454 0.8517060367454067 0.11111024402425414 0.17847769028871383
1 0.22517031753587788 0.7572178477690288 0.12389283846952232 0.16272965879265086
