4 0.18838848039215692 0.12867647058823528 0.15851715686274515 0.19607843137254904
3 0.2154718413615144 0.3308822854753982 0.15692407487989177 0.2254903310099878
1 0.24215686274509807 0.5036764705882352 0.12426470588235297 0.1715686274509804
0 0.2688419117647059 0.6519607843137255 0.10435049019607838 0.17401960784313736
0 0.3269914215686275 0.7622549019607842 0.08204656862745097 0.1397058823529413
0 0.40425857843137264 0.8155637254901962 0.09001225490196084 0.12867647058823523
0 0.4851102941176471 0.8363970588235294 0.082843137254902 0.1384803921568627
0 0.569546568627451 0.8357843137254902 0.09080882352941182 0.1274509803921569
0 0.6081801470588235 0.7530637254901962 0.0836397058823529 0.11642156862745097
0 0.6922181372549019 0.7665441176470589 0.08762254901960788 0.14338235294117652
1 0.7236826138312297 0.6384804258897517 0.11390931372549032 0.18627450980392155
0 0.7559436412689919 0.5153187370828699 0.12426473351837747 0.16789217372918952
3 0.8017463018153924 0.13051470588235292 0.1569240630358809 0.21446078431372548
0 0.7886029411764711 0.348039291585275 0.1561274509803923 0.24019666875693266
