0 0.07607230392156863 0.44852941176470595 0.07089460784313725 0.13970588235294124
0 0.09240196078431374 0.579656947077321 0.08125000000000002 0.11764722748797524
0 0.14099264705882356 0.47610294117647056 0.08602941176470588 0.18995098039215683
0 0.20949754901960793 0.4485294707972619 0.10036764705882356 0.235294235712171
0 0.15612745098039216 0.5906862745098038 0.07487745098039218 0.12745098039215683
0 0.21029411764705885 0.6102941176470589 0.08602941176470591 0.18872549019607837
0 0.27202818627450986 0.6439950980392157 0.11709558823529413 0.23897058823529405
0 0.3102634803921569 0.4368872549019608 0.1139093137254902 0.20710784313725492
0 0.43731617647058824 0.4160539215686274 0.15772058823529414 0.258578431372549
0 0.3696078431372552 0.6127451317721048 0.10036764705882362 0.18627457726969973
0 0.46519607843137256 0.6115196078431373 0.0939950980392156 0.2034313725490197
0 0.5818933823529412 0.4160539215686274 0.15055147058823523 0.25612745098039214
0 0.5575980569817017 0.6176470588235293 0.09718140808105107 0.19117647058823525
0 0.6511948529411765 0.5888480392156863 0.08841911764705884 0.18259803921568626
1 0.7089460784313727 0.41360294117647056 0.1162990196078431 0.2095588235294118
1 0.8025428921568627 0.4227941176470588 0.09638480392156865 0.23284313725490194
1 0.8758272058823531 0.44975490196078427 0.07567401960784309 0.19362745098039205
0 0.7447916666666669 0.6035539215686275 0.10196078431372556 0.23161764705882354
0 0.8172794117647058 0.5833333501997778 0.07806372549019613 0.1666667003995561
0 0.8694546568627451 0.5814950980392157 0.07408088235294116 0.13602941176470595
0 0.9180453431372549 0.5551470588235294 0.06292892156862734 0.10784313725490186
0 0.9331801470588236 0.4276960784313726 0.050183823529411885 0.142156862745098
