2 0.18104775113486757 0.3935264206851079 0.1384157748421372 0.1976149610147931
3 0.13730841123544996 0.17120954003407152 0.1904600933397244 0.28790459965928444
3 0.8736795936457595 0.1584327086882453 0.194889535025346 0.293015332197615
2 0.8127767740107535 0.39778542159327396 0.16166962063266882 0.26405465920017607
1 0.22312606473594548 0.5664395229982964 0.11626916524701873 0.18568994889267457
1 0.2973168654173765 0.692504258943782 0.10962521294718915 0.1618398637137991
1 0.36818565809607384 0.7487223168654177 0.0963372446418926 0.1311754684838161
1 0.45511073890889425 0.7700170357751277 0.08194209110569309 0.13969335604770022
1 0.5420357751277683 0.7649063032367972 0.09190800681431 0.11925042589437823
1 0.6333901511032445 0.7393526405451447 0.09523004666986216 0.1567291311754684
1 0.7269591141396924 0.6822828091007805 0.09855195911413951 0.17887560837424787
1 0.8155451448040887 0.5834753095513096 0.10519591141396929 0.15502557651318152
