2 0.14736519607843138 0.45772058823529405 0.07169117647058826 0.22671568627450975
2 0.07647058823529412 0.4050245098039216 0.07009803921568628 0.21936274509803919
0 0.08483455882352942 0.5330882352941176 0.029473039215686257 0.046568627450980456
0 0.10116421568627451 0.582720588235294 0.036642156862745114 0.0821078431372549
1 0.15413602941176474 0.5955882352941176 0.06611519607843139 0.08823529411764702
1 0.225030637254902 0.6011029411764706 0.03425245098039216 0.06495098039215684
1 0.24056373536020484 0.4368872549019608 0.13382354915178205 0.24877450980392155
1 0.2943321078431373 0.6072303921568627 0.07248774509803922 0.1580882352941176
1 0.39270836491736105 0.42034313725490163 0.18321084748178115 0.2720588235294115
1 0.38434437853711195 0.6017156862745092 0.09160542374089038 0.13235294117647042
1 0.5384803921568628 0.4411764705882353 0.13223039215686272 0.2401960784313725
1 0.6675245098039215 0.40992647058823534 0.13223039215686286 0.2120098039215687
1 0.4731617785238946 0.5729167172660002 0.07328434136151456 0.12867657178690264
1 0.5783088235294118 0.5808823529411764 0.14019607843137252 0.22549019607843135
0 0.6830575980392157 0.5655637254901962 0.1330269607843138 0.18504901960784317
1 0.7710784313725493 0.44791666666666674 0.12585784313725484 0.18259803921568626
1 0.8710477941176471 0.40931372549019607 0.09319852941176464 0.12254901960784309
1 0.8801560002338591 0.5192023664742301 0.12416003968341202 0.11193414471317154
0 0.7968380249379398 0.5572223591872004 0.11524467732686429 0.11444471837440512
0 0.9268075980392158 0.41482843137254904 0.0454044117647058 0.1017156862745098
