2 0.1919730392156863 0.7640931372549019 0.1290441176470588 0.2193627450980392
3 0.2294117647058824 0.5600490196078431 0.16250000000000003 0.235294117647059
3 0.2541053921568628 0.3848039215686274 0.10674019607843135 0.13480392156862744
3 0.26705612534232764 0.2519023586667002 0.10688090133081944 0.1432541061960112
0 0.3206179198433874 0.14686006783139327 0.08556691516912003 0.14457726884955813
0 0.38343293849355076 0.14838193381928336 0.08754534095337725 0.1293586089706573
0 0.44723717003584257 0.1263148769948771 0.07171793467932026 0.11718368106753659
0 0.5167293757078736 0.12289067852212442 0.07122332823325607 0.11490088208570146
0 0.5785551814659083 0.15294750036474838 0.08210467004667009 0.13544613575862816
0 0.6346930008372059 0.1757754535285269 0.09644823246853836 0.14609927098300418
1 0.6989918694680567 0.2712726123414078 0.10139435821416982 0.16055686172240408
1 0.7301520571846095 0.40329448679087265 0.10337274722743416 0.1521865987890086
3 0.7593338375024018 0.5745044104285072 0.15184417894173322 0.23741109411085332
1 0.7939562887269014 0.7403878031085266 0.11128645036446258 0.12022741304331674
