2 0.09160539215686274 0.17095588235294115 0.15612745098039216 0.23897058823529413
2 0.11789219042077459 0.42463235294117624 0.18480398868468645 0.30269607843137253
2 0.19037990196078433 0.6004901960784313 0.122671568627451 0.1985294117647058
1 0.2648590449394302 0.7438725152867187 0.121875 0.2132352941176471
0 0.36164215686274515 0.8541666666666667 0.10833333333333335 0.15441176470588233
0 0.46798406862745096 0.8927696078431373 0.09638480392156865 0.13602941176470595
0 0.567156862745098 0.8866421568627452 0.09558823529411768 0.13602941176470595
0 0.6675245098039215 0.8474264705882354 0.10196078431372556 0.17034313725490208
2 0.7639093137254903 0.729779411764706 0.12107843137254903 0.20465686274509814
2 0.8375919117647059 0.5955882352941176 0.1266544117647058 0.20343137254901947
2 0.8969362981978247 0.406862829430262 0.15772058823529433 0.2867647058823529
3 0.9053002450980392 0.15808823529411764 0.16170343137254903 0.2058823529411765
