3 0.09454546172727525 0.8433563677390953 0.17999999999999988 0.29090952609469256
4 0.16227272727272726 0.6573426573426572 0.1590909090909091 0.15664335664335666
5 0.19318177149998317 0.4405594405594404 0.15545463881821547 0.24895104895104883
0 0.25863636363636366 0.2832167832167832 0.08636363636363636 0.14405594405594402
5 0.3445454760909169 0.23286713286713265 0.09454541145452994 0.14965034965034957
5 0.8590908480454325 0.7167832167832177 0.2000001220909531 0.30629370629370656
4 0.8122726913636232 0.506992963474446 0.15181810999997422 0.2755245625615956
5 0.4468181818181819 0.20349650349650347 0.12272727272727274 0.14685314685314682
5 0.5618181459090779 0.20909072051048141 0.11636356454542876 0.1328675100279881
5 0.6677272727272723 0.2601397440903661 0.10090909090909078 0.13426596636472207
0 0.7563636363636363 0.34195804195804186 0.09818181818181813 0.13286713286713286
