0 0.44514480408858603 0.454855195911414 0.09080068143100511 0.1362862010221464
0 0.5520017035775128 0.43015332197614997 0.09412265758091998 0.1345826235093697
0 0.6322827938671203 0.4505962254705673 0.06643952299829625 0.1209540567249642
0 0.3731686541737648 0.4821124361158432 0.06201022146507668 0.10902896081771722
0 0.3200170357751277 0.4855195911413969 0.05315161839863713 0.11584327086882454
1 0.2795996592844975 0.4863713798977854 0.06090289608177177 0.09710391822827937
1 0.2552384626284063 0.5008517735227287 0.03875631196890813 0.07495738009486108
1 0.22257240204429302 0.49488926746166956 0.048722316865417385 0.07325383304940367
2 0.19267461669505961 0.48807495741056217 0.042078364565587695 0.07666098807495736
0 0.6798977853492335 0.4872231686541737 0.050936967632027146 0.10562180579216353
0 0.7186541737649063 0.49148211243611584 0.04650766609880748 0.10051107325383299
0 0.7430153321976148 0.505962521294719 0.03543441226575808 0.07155025553662689
1 0.7718057921635435 0.505962521294719 0.04429301533219771 0.0681431005110732
1 0.7291737330534848 0.5775127768313457 0.05647365825418964 0.07495741056218064
0 0.4811328790459966 0.5153321976149915 0.056473594548551984 0.10051107325383313
1 0.42078364565587734 0.551107325383305 0.048722316865417385 0.08006814310051112
1 0.3665247018739352 0.5613287904599659 0.042078364565587736 0.06303236797274281
0 0.3205706984667802 0.5766609880749575 0.052044293015332206 0.0766609880749575
0 0.29067291311754684 0.575809199318569 0.04540034071550259 0.061328790459965955
1 0.24637989778534922 0.565587734241908 0.0498296422487223 0.07155025553662703
1 0.21205281090289607 0.549403747870528 0.049829642248722335 0.05621805792163549
0 0.5398211243611584 0.530664395229983 0.054258943781942154 0.08347529812606475
0 0.5951873935264054 0.5315161839863712 0.04540034071550245 0.09199318568994891
0 0.6444634113068574 0.5596252129471889 0.04650774254557248 0.11413969335604782
0 0.6870954003407155 0.5809199318568995 0.043185689948892755 0.08858603066439528
1 0.7751277683134583 0.5630323679727427 0.04872231686541724 0.0664395229982965
