3 0.1382046568627451 0.8149509803921569 0.18400735294117648 0.2107843137254902
1 0.12227328431372549 0.9252450980392157 0.163296568627451 0.1274509803921569
2 0.14497549019607844 0.6654411764705884 0.16409313725490196 0.1568627450980392
1 0.16170343137254903 0.5055147058823529 0.15294117647058825 0.19975490196078424
1 0.2126838235294118 0.34987745098039214 0.11948529411764708 0.19730392156862744
2 0.29273897058823534 0.24754901960784312 0.10594362745098042 0.15196078431372548
0 0.40933672436916574 0.2040441176470584 0.1368107036402925 0.180147058823529
4 0.5442291981633294 0.19703122479713045 0.13407516010403048 0.19243445878442017
0 0.6578660510607424 0.22658810890452472 0.11527189121762942 0.16727968368784102
1 0.752901159796812 0.2926195276879174 0.1230384630292127 0.22136243802827316
1 0.7886681548634448 0.45989906856573515 0.15941860658270102 0.20375395870925103
1 0.8262745953906462 0.5976216517673586 0.16023613789850968 0.1748259275344808
2 0.8471216439437687 0.7457205939773233 0.18721467132019767 0.21444475283905745
3 0.8734870288786 0.8820868294506649 0.17863059250420604 0.18174350020670857
