0 0.07640484318218635 0.3560025128092981 0.043090113581119895 0.08470706088596223
0 0.16587667624298386 0.47523690829551657 0.05326416817666209 0.056164464283083575
0 0.2126518680330779 0.4868986073862424 0.020556618749138805 0.029366598213055397
0 0.24159894913249805 0.42784270108965833 0.08222648643251523 0.1642593240708267
0 0.2484161894282633 0.5201377240449755 0.06146009483160885 0.08422727619348876
0 0.13744917075543953 0.3863865672575237 0.07181685596853316 0.11232892856616722
0 0.19580036622987274 0.4333437423138722 0.03291605898557773 0.0810241451952681
0 0.1760048625895929 0.42832729640857253 0.03880906048508777 0.06895335060569664
0 0.32970463818918644 0.4305360966517398 0.09244061835402924 0.16064303726230478
0 0.31158504854504115 0.5444036612994323 0.06295789622118278 0.1152850032117717
0 0.38605963309936703 0.528103117812522 0.07677792222095448 0.1582806396555062
0 0.43734727372701776 0.41423552065110697 0.12161625162988544 0.18757443500725426
0 0.4597664323429785 0.5273943985304824 0.0724783463995712 0.10678037182729666
0 0.5379263662966675 0.5139287549313362 0.0789277101316464 0.1686752346446317
0 0.5700195141920695 0.40384096467844843 0.12345885783388623 0.19702403843993743
0 0.6140900666619806 0.5269219190091227 0.07155703264268708 0.12662451172440486
1 0.6742839531168302 0.4262837094293123 0.08629838457635286 0.15686320109142698
0 0.7579718883376707 0.42250394478862446 0.08537704950970153 0.17576238194581584
0 0.6868755323610668 0.5436949842852319 0.07155702350992954 0.1252071576960047
0 0.748912095798787 0.5318829539833998 0.05558722025435011 0.10441797422049824
0 0.7989712988036604 0.4380957689934952 0.04883075853252691 0.12189971651080782
0 0.7840763818927953 0.521252164752806 0.020883594844099775 0.043468115965094256
0 0.8499759399802549 0.4024235651308363 0.04637386502145631 0.08079399815251215
0 0.8834511140685909 0.36438896366137896 0.027332940310659807 0.04913787022141086
0 0.8234107712811736 0.479437717358354 0.05159476068822897 0.09402330119843859
