0 0.36642156862745096 0.4154411764705882 0.16568627450980397 0.2352941176470588
0 0.25211397058823537 0.45649509803921573 0.11709558823529416 0.18750000000000008
1 0.14178921568627453 0.417892156862745 0.11948529411764706 0.14460784313725492
1 0.050980392156862744 0.3799019607843136 0.09080882352941176 0.12499999999999996
0 0.05376844523203093 0.47671568627450983 0.09957120418955205 0.11764705882352942
0 0.14736519607843138 0.5251225490196078 0.13063725490196076 0.0992647058823529
0 0.265655637254902 0.5778186274509803 0.12028186274509807 0.1556372549019608
0 0.39708946078431373 0.5680147817813537 0.1298406862745098 0.16789230866074648
0 0.5042279411764707 0.49632352941176466 0.13223039215686277 0.19852941176470587
0 0.6523897058823523 0.47732832174065914 0.18161764705882344 0.28063747416573986
0 0.8025428921568627 0.45894607843137253 0.13302696078431367 0.27818627450980393
0 0.8857842927657935 0.45526960784313736 0.06531858553158769 0.23651960784313733
0 0.9319852862577609 0.4044117647058823 0.05257351369199215 0.23774509803921562
0 0.71890318627451 0.6029411764705883 0.06452205882352942 0.09803921568627452
