1 0.06163770181289424 0.3387532136024039 0.03155589125890093 0.12555394400093206
1 0.08802496380004193 0.3492160422691479 0.0386287796168571 0.1581979694411741
1 0.1397113293241401 0.3626085781626667 0.07236092305920369 0.16322035760138384
0 0.09536986143447798 0.46807377592336397 0.0489660381603635 0.10965044442748059
1 0.1446079156126698 0.49234761331026505 0.06800842138885127 0.14815380368121184
1 0.20227904475127165 0.35591225261586457 0.0897710699606664 0.1648941797878907
1 0.19656634029922923 0.5095065774436714 0.08052192941926445 0.1590349957345139
2 0.29640265143730365 0.3554937394691949 0.1104456194061532 0.19753820522813306
1 0.2683831962677624 0.5069954985636528 0.08052192941926446 0.17242741642794662
1 0.3521695282310508 0.5011363490703016 0.08813886868865425 0.18581990624143108
1 0.4226262164729074 0.357167792055874 0.14200151066505412 0.24273762506846863
1 0.5556506201418949 0.35089009485582745 0.14036930939304199 0.2218119677349799
0 0.4411244975557114 0.5245730507237834 0.08759480159798358 0.1456425750410812
0 0.5284472656083596 0.5195508929637461 0.08813886868865438 0.1590349957345139
0 0.6135937652983251 0.4931845647235504 0.08215413069127649 0.18330875824136073
1 0.6758894471801198 0.34168275954905775 0.1066371497714582 0.19837532368154062
1 0.7002190330404412 0.5007178013636062 0.09249140541402014 0.1799606530680026
1 0.7663231845569319 0.3303829506690086 0.08759480159798372 0.18079767936134217
1 0.7793807947330288 0.488162406963513 0.09303547250469066 0.16824228496124896
1 0.8286188664387276 0.32954592437566893 0.06419991669914339 0.15568689056115573
0 0.8381400405254651 0.46221459186998715 0.06800838633383818 0.13308718064098785
5 0.8925467495925354 0.29480933320207775 0.07344905724054498 0.15150175909445807
2 0.8898264141391821 0.43961488194981946 0.06800838633383804 0.1448055487477417
