2 0.16136363636363638 0.43216783216783206 0.11727272727272728 0.13426573426573418
2 0.12318181818181818 0.466433696989247 0.12272727272727274 0.09930096041206048
2 0.2859090909090909 0.4503496503496502 0.13727272727272727 0.15664335664335666
2 0.22318181818181818 0.537062937062937 0.12272727272727274 0.08111888111888113
4 0.33181818181818173 0.5909092794895185 0.13999999999999993 0.16923114639162448
0 0.4009090765454493 0.47272727272727283 0.08545451672726241 0.165034965034965
0 0.4581818576818324 0.5538461538461538 0.11272735172730144 0.19860139860139864
0 0.5104545454545455 0.45174825174825173 0.07909090909090921 0.09230769230769234
4 0.5722726949545338 0.5265734265734263 0.11363642827275058 0.1944055944055943
0 0.6713636363636363 0.5328671328671328 0.08999999999999993 0.1454545454545454
0 0.7640908947272674 0.5384614369182311 0.09000002872728284 0.1482519513383623
0 0.8936363636363636 0.4636363636363636 0.04545454545454561 0.08531468531468527
0 0.936818102818153 0.5643356643356641 0.07909106709096536 0.16923076923076905
4 0.8486363277272599 0.5426573426573421 0.08818189000002605 0.19020979020979
