0 0.010355392156862746 0.3511029411764705 0.01752450980392157 0.12377450980392152
0 0.03903186274509804 0.41727941176470595 0.0653186274509804 0.21446078431372548
0 0.02787990196078432 0.5974264705882354 0.04460784313725491 0.15073529411764702
1 0.13820465686274513 0.43504901960784315 0.16170343137254906 0.24754901960784312
0 0.08682598039215687 0.6004901960784312 0.06531862745098041 0.1470588235294118
0 0.15971200980392156 0.6060049019607842 0.07886029411764704 0.16299019607843135
0 0.29074754901960786 0.4356617647058823 0.15294117647058825 0.2634803921568627
0 0.2501225490196079 0.6213235294117645 0.07806372549019606 0.15931372549019607
0 0.34411763395901324 0.611519658442471 0.10036767325844442 0.18627461100258877
0 0.42656250000000007 0.43504901960784315 0.13462009803921574 0.2549019607843137
0 0.45962006397970867 0.6182598629541244 0.12107849949156298 0.24632364747687638
0 0.5635723039215687 0.4221813725490196 0.13302696078431375 0.2683823529411765
0 0.5874693313055532 0.6115196500092481 0.1314338864085016 0.22303930001849723
1 0.6906250000000002 0.4332107843137255 0.12585784313725484 0.2316176470588236
0 0.7149203431372549 0.5955882352941176 0.12028186274509807 0.18872549019607845
0 0.8029411764705884 0.4197303921568627 0.10833333333333328 0.18014705882352935
1 0.9152573529411757 0.4172795382630399 0.12585784313725495 0.15808848829078648
1 0.856311274509804 0.5631128547299288 0.15772058823529403 0.15563747416574042
