3 0.1390076988879384 0.5687834153122328 0.1343028229255774 0.2086300613059594
3 0.8100940975192472 0.6807126817792986 0.13515825491873415 0.2619297120045623
5 0.8353293413173656 0.4888339392643284 0.19589392643284836 0.32588929284288537
5 0.8905047048759623 0.28324957228400344 0.18135158254918735 0.30152373823781015
5 0.12917023096663816 0.15837610493299117 0.17792985457656116 0.23147276874821784
3 0.1338751069289992 0.37005186056458506 0.18049615055603088 0.2954323495865413
3 0.17151411462788707 0.6951797298260621 0.12745936698032503 0.19949297832905613
1 0.3023952095808383 0.875637118619903 0.08639863130881097 0.17665027088679777
3 0.7489307100085543 0.8078704198745367 0.12061591103507269 0.2695439478186483
1 0.3947818648417451 0.9190382627601938 0.08126603934987173 0.1446704804676361
1 0.4816082121471343 0.923351511263188 0.09923011120615934 0.15329697747362414
1 0.6621043627031653 0.8626929177359566 0.12147134302822928 0.20558436698032498
1 0.5876817792985457 0.9233515112631879 0.09238665526090685 0.15329697747362417
1 0.24721984602224123 0.7827434416880524 0.11804961505560307 0.16751318790989445
