0 0.013541666666666667 0.4381127450980392 0.020710784313725493 0.12622549019607845
0 0.08762254901960788 0.4344362745098039 0.12107843137254905 0.275735294117647
0 0.2278186274509804 0.4227941176470588 0.1545343137254902 0.2769607843137255
0 0.14218750000000002 0.5753676470588236 0.07248774509803925 0.08210784313725497
0 0.22303921568627452 0.6219362745098039 0.08602941176470591 0.1458333333333333
0 0.3640318627450981 0.4417892156862745 0.12745098039215688 0.1948529411764706
0 0.3246017156862746 0.5992647058823529 0.10753676470588239 0.23284313725490194
0 0.44846813725490187 0.6053921568627451 0.12745098039215683 0.22794117647058826
0 0.4898896796827323 0.4099264705882352 0.13382347701252317 0.26102941176470584
0 0.6217217822859454 0.4522058823529412 0.13621317241502787 0.19362745098039216
0 0.5715379901960785 0.5888480392156863 0.12984068627450981 0.21200980392156865
0 0.6834558823529413 0.5686274509803921 0.10992647058823543 0.12254901960784309
4 0.8236519607843137 0.5202206388346278 0.15772058823529414 0.1335785325712163
6 0.8778186274509805 0.42830882352941174 0.10355392156862735 0.11397058823529413
0 0.7416053921568628 0.46200980392156865 0.10514705882352957 0.125
2 0.9491115196078432 0.4362745098039216 0.053370098039215746 0.07107843137254896
1 0.9427389705882354 0.4895833923658893 0.0884191176470587 0.06740207884942591
