6 0.8616481041871057 0.6371391076115485 0.1868871458853313 0.20078740157480318
6 0.8650907621376251 0.8070866141732282 0.20951032670302921 0.18110236220472445
6 0.12836196072650377 0.7985564304461943 0.18787076244262238 0.17716535433070874
6 0.1283619607265038 0.6305774278215224 0.19967416113011702 0.2217847769028873
5 0.14901790842961932 0.4954068241469816 0.15639503260930343 0.1404199475065616
5 0.19278884522907844 0.39566929133858264 0.14754248359368252 0.13517060367454065
5 0.7972212196845311 0.40551181102362205 0.16032949883846825 0.13910761154855641
5 0.8316477991897233 0.5091863517060367 0.17410013064054566 0.1207349081364829
5 0.7426305007548687 0.25328083989501304 0.131804618677023 0.18897637795275554
5 0.22278915022646054 0.23753280839895013 0.14262440080722638 0.18110236220472445
4 0.3545937689034836 0.14304461942257224 0.1563950326093034 0.15485564304461952
4 0.5114806097914326 0.11351706036745408 0.13967355113535285 0.13254593175853022
4 0.6664002175647994 0.15616797900262466 0.12491930277598456 0.1679790026246719
