1 0.13422181372549022 0.8811274509803921 0.16488970588235297 0.1715686274509804
1 0.17643992926637317 0.7549019607843134 0.16329661205548926 0.21323529411764708
1 0.19316789215686278 0.5882352941176471 0.15055147058823531 0.1544117647058824
1 0.21905635873100748 0.44914215686274517 0.13860296881249481 0.16544117647058826
1 0.2521139705882353 0.3002450980392157 0.10912990196078433 0.16666666666666669
0 0.32898284313725495 0.2113970588235294 0.10674019607843142 0.1360294117647059
1 0.4329350490196079 0.1691176470588235 0.125061274509804 0.14950980392156862
1 0.5568014705882354 0.2064950980392157 0.1274509803921569 0.1360294117647059
1 0.675091911764706 0.2107843137254902 0.1170955882352942 0.1225490196078431
4 0.7615196078431373 0.29105392156862747 0.12267156862745096 0.1654411764705882
1 0.7874080882352942 0.44485294117647056 0.1441789215686275 0.1642156862745098
1 0.8136948529411765 0.5876225490196078 0.13939950980392168 0.1482843137254902
2 0.8340073529411766 0.7487745098039216 0.16090686274509808 0.21323529411764697
3 0.8710477941176472 0.8799019607843138 0.1648897058823529 0.17892156862745096
