1 0.1681180323767545 0.39379315044111995 0.03166698747601686 0.13087110962939108
1 0.19419677945068098 0.4028681543935222 0.03415077577913864 0.14137900894269936
1 0.21561854547510106 0.41098789477198794 0.04470639902890234 0.14042374536876226
1 0.2643608742405248 0.40191289081958503 0.07513155366936147 0.19296324193530595
1 0.3379400289492739 0.4004799954586797 0.09189638524443648 0.19009745121349483
1 0.17805277354570095 0.5294405779401968 0.0428435712910817 0.12513952818576804
1 0.21903357596232487 0.5461577102999384 0.06022935852617754 0.143289575722257
1 0.26156669149715733 0.5709945434064633 0.0596084470136789 0.16430533471719153
1 0.3190019138801291 0.5557103262234687 0.06395489627509299 0.1738579704565634
1 0.4413234145227826 0.3966589411629314 0.12356334328877182 0.22448693987523285
1 0.39133924801652065 0.5514116401407516 0.08320345728992677 0.1576184896996316
1 0.5679913644268483 0.3947483149358492 0.13225624181159973 0.23212924662514392
2 0.6359822296807063 0.5542774308625623 0.07947796859381319 0.17290270688262596
2 0.6806885649409656 0.392360255080214 0.09934737244722344 0.18723166049168338
1 0.47330086266032906 0.5528445355016572 0.08196161464380843 0.13182637320332824
1 0.555420332689645 0.563352434814966 0.0769942440593352 0.1356474274990768
2 0.7680858858374054 0.3875839372105284 0.08382437861298583 0.2235316763012957
1 0.7143761717716672 0.5571432215843741 0.08444526069380377 0.2130237769879868
1 0.7916808961136533 0.563352434814966 0.07637332273627592 0.14137900894269984
2 0.8407336806353268 0.5284853143662596 0.08506622125910411 0.1385132182208884
1 0.8304884788048505 0.39140499150627706 0.049673705844732435 0.14711059038632285
1 0.8674332877163091 0.3961813093759626 0.045327236962198036 0.13755795464695117
1 0.9065513408795971 0.4019128908195858 0.040359885998845046 0.11081057457671065
1 0.8984793636798281 0.509857674674485 0.06643858156732961 0.10698952028096194
