2 0.19515930188147979 0.8388479886163523 0.13860292538445668 0.1948529411764706
0 0.1174938725490196 0.9074754901960784 0.07408088235294116 0.1139705882352942
2 0.22224264705882354 0.6825980392156862 0.13223039215686275 0.19117647058823523
0 0.25490196078431376 0.5404411764705884 0.122671568627451 0.12499999999999993
0 0.2883578431372549 0.41911764705882354 0.11789215686274514 0.14950980392156865
0 0.325 0.2953431372549019 0.09877450980392162 0.13970588235294112
1 0.38792892156862746 0.19730392156862742 0.0860294117647058 0.12990196078431374
0 0.45523897058823537 0.11580882352941174 0.10594362745098039 0.14828431372549017
0 0.5603860294117647 0.11948529411764706 0.10116421568627451 0.1482843137254902
0 0.6332720588235295 0.17034313725490197 0.082843137254902 0.12009803921568628
0 0.6834558823529413 0.26409313725490197 0.09399509803921574 0.15318627450980393
0 0.7193014705882353 0.39338235294117646 0.1194852941176471 0.1617647058823529
0 0.7471813725490196 0.508578431372549 0.10992647058823536 0.13970588235294124
2 0.761121339321426 0.6660539215686275 0.13143385511343922 0.204656862745098
2 0.7730698529411765 0.8265931372549018 0.13302696078431367 0.19240196078431382
0 0.8101102941176471 0.9154411764705883 0.09399509803921574 0.13725490196078424
