1 0.0709695760990639 0.3787377795876996 0.06519981155003456 0.1065441320666168
1 0.07890841744255764 0.4891799463887419 0.07161850444956666 0.1091429268005123
1 0.16099936769535514 0.4190166587836156 0.1168867087891811 0.17566788604154382
0 0.19005214350979713 0.5705173353324227 0.15337155733651198 0.16163548030678584
0 0.2582923390133765 0.44162480388067826 0.08513133671785031 0.16371415415114285
4 0.35423403145785054 0.46319349403074944 0.10675200128961021 0.17566788604154357
0 0.3202828409490999 0.5819512431835717 0.10100904284558192 0.1481223728643858
1 0.4214607910377211 0.6001416832968642 0.11621106307363668 0.2052923520307982
0 0.4640264711170182 0.4450030324584003 0.12364316594462509 0.21620662897420778
4 0.5807442684773133 0.4348683467252342 0.1070898459137873 0.2021739871898241
1 0.535813823370594 0.6087171866095421 0.10236033595100948 0.1652733365716298
4 0.6954351211564487 0.41589824387150826 0.1317508994621084 0.24842983247320588
1 0.6316688371477049 0.5915661799841853 0.09037206873159885 0.14240532773781947
0 0.7112431173599418 0.5861731366961836 0.07637413149552501 0.12530824270471905
1 0.8109975621582362 0.41321747438713985 0.10236032590497658 0.23387736307306148
1 0.8895413765902728 0.4199739315425838 0.06351069726117359 0.18398352561747486
1 0.7790733020987634 0.5852472681142138 0.06148376011454047 0.14344478268481098
0 0.8346451622022903 0.5665370790683689 0.043579148652613926 0.11226113427506945
1 0.9315064109822546 0.39528687655153816 0.042058936583775505 0.2188052663416863
2 0.8707922079839157 0.5639384417008906 0.033444462919447915 0.12057677385100049
2 0.9004058740240498 0.543288376396962 0.027898268302402586 0.07938662813639169
