5 0.8678862844123049 0.4192913385826772 0.20357219362418932 0.22965879265091865
3 0.14849952288527823 0.3326771653543304 0.1966881097818255 0.19816272965879247
1 0.13276447410273218 0.14107611548556434 0.16325113111891512 0.17716535433070868
2 0.8796875709992145 0.22965879265091865 0.16423457166782426 0.20209973753280835
2 0.18882058539055244 0.5183727034120734 0.18095306099927944 0.16272965879265094
2 0.8246149002603034 0.568241469816273 0.18783714484164335 0.14435695538057744
0 0.20406391389864395 0.65748031496063 0.1681683338634608 0.18897637795275585
0 0.2556945427163731 0.7749343832020997 0.13768167684727786 0.1666666666666667
0 0.36534816391974073 0.8398950131233593 0.1307975930049139 0.13648293963254585
0 0.4592667363405625 0.8786089238845145 0.11604598477127709 0.12729658792650922
0 0.5536770290358387 0.9094488188976377 0.11211222257564053 0.11286089238845136
0 0.6421866784376601 0.8641732283464566 0.12588039026036818 0.12729658792650922
1 0.7306963278394817 0.795275590551181 0.1022778170865493 0.16797900262467194
0 0.787735879676211 0.7027559055118111 0.147516082336369 0.16141732283464572
