0 0.11390931372549021 0.45588235294117646 0.03823529411764706 0.10049019607843135
1 0.13422181372549022 0.42095588235294124 0.04540441176470591 0.1090686274509804
1 0.16688112152897525 0.522671484295228 0.07089458810311992 0.07475490196078431
1 0.1879901960784314 0.4025735294117647 0.049387254901960775 0.1482843137254902
1 0.16090686274509808 0.41115196078431376 0.033455882352941176 0.1482843137254902
1 0.24454656862745103 0.39460784313725483 0.08284313725490197 0.1985294117647059
1 0.2027267156862745 0.53125 0.031066176470588226 0.0943627450980393
1 0.2572916666666667 0.5349264705882352 0.08284313725490197 0.12867647058823528
1 0.3353553921568628 0.41911764705882354 0.09877450980392155 0.19852941176470595
0 0.3353553921568628 0.5214460784313725 0.04938725490196074 0.03308823529411768
1 0.44926470588235295 0.41299019607843135 0.12267156862745096 0.22794117647058823
1 0.5715379901960784 0.3921568627450981 0.12346813725490186 0.23039215686274506
1 0.5647671568627451 0.5330882352941176 0.05894607843137258 0.05392156862745104
0 0.6416360294117648 0.49693627450980393 0.0358455882352942 0.04534313725490208
1 0.6842524509803922 0.39583333333333337 0.09877450980392162 0.1764705882352941
1 0.6962009803921569 0.5238970588235294 0.06372549019607845 0.07475490196078433
1 0.7531556372549021 0.4411764705882352 0.07567401960784309 0.18382352941176472
1 0.8232536764705884 0.41360294117647056 0.08045343137254904 0.17034313725490194
1 0.7798407040405254 0.5563725490196078 0.09558827082614864 0.18382352941176458
1 0.8348039215686276 0.5073529411764706 0.02389705882352942 0.06372549019607845
1 0.8746323529411765 0.4834558823529412 0.05257352941176464 0.12622549019607837
1 0.855514705882353 0.5863970588235294 0.04779411764705884 0.11151960784313729
1 0.9049019607843138 0.4963235294117647 0.03823529411764696 0.0857843137254902
1 0.8933517156862746 0.5778186274509802 0.029473039215686326 0.08455882352941181
