0 0.050582107843137256 0.3596813725490196 0.05177696078431373 0.116421568627451
0 0.048590686274509805 0.4338235294117647 0.05575980392156863 0.06862745098039212
0 0.09718137254901961 0.38419117647058826 0.0573529411764706 0.17769607843137256
0 0.18639705882352942 0.4105392156862745 0.11151960784313728 0.23284313725490194
0 0.14736521965808994 0.5435049862930069 0.08284309009558469 0.15073546278209293
0 0.22781862745098047 0.5612745857029221 0.07647058823529411 0.17647074003329524
0 0.3082720588235295 0.44117647058823534 0.12904411764705886 0.23039215686274508
1 0.4217830882352942 0.42769601939881663 0.15692401960784322 0.2941177651239356
1 0.5882659313725491 0.42708333333333326 0.17604166666666665 0.27818627450980393
0 0.32699141108877916 0.6145833670662226 0.10435049019607842 0.1654411764705882
0 0.42895220588235317 0.5931373139345167 0.0963848039215687 0.13725502002589626
0 0.523743888268792 0.5827205882352939 0.09479169810621159 0.20955882352941163
0 0.6253063725490198 0.5962009803921569 0.082843137254902 0.12867647058823523
0 0.7284620098039215 0.42892156862745096 0.1139093137254902 0.23039215686274506
0 0.835202205882353 0.37990196078431376 0.10275735294117652 0.2107843137254902
0 0.7356311274509806 0.5900735294117647 0.10275735294117652 0.14338235294117638
0 0.8312193627450981 0.529411874337772 0.10435049019607845 0.16666688593044612
0 0.9128676470588235 0.36642156862745096 0.06850490196078439 0.17647058823529413
0 0.9060968137254903 0.47732843137254904 0.07726715686274517 0.08700980392156865
0 0.9582720588235296 0.33700980392156865 0.06053921568627445 0.12254901960784313
0 0.9495098039215688 0.42830882352941174 0.06213235294117652 0.05514705882352935
