2 0.4365196078431373 0.12193627450980392 0.1194852941176471 0.1875
2 0.5603860294117647 0.11764705882352942 0.12346813725490194 0.18382352941176472
2 0.3377450980392158 0.1672793358657053 0.10196078431372561 0.1482844655234912
1 0.26207107843137256 0.2861519607843137 0.1147058823529412 0.18259803921568626
1 0.22104779411764708 0.4074754564631894 0.1298406862745098 0.1629902635442097
2 0.18918504901960786 0.5575980392156863 0.13780637254901962 0.1642156862745098
5 0.1716605392156863 0.7371323529411765 0.15055147058823534 0.23161764705882354
6 0.14417892156862747 0.8964460784313727 0.14816176470588235 0.18995098039215677
2 0.6575673443216188 0.18137254901960767 0.09957105747167569 0.14950980392156843
2 0.73921568627451 0.28860294117647056 0.11470588235294102 0.1801470588235294
3 0.7842218137254905 0.4252450980392157 0.13780637254901962 0.17401960784313716
2 0.8220588366292222 0.5716911764705882 0.13382355561138526 0.15808823529411764
5 0.8435661764705884 0.7579656862745098 0.15294117647058825 0.2438725490196078
6 0.8642769607843138 0.9117647058823529 0.13382352941176465 0.1740196078431373
