1 0.08803236797274275 0.46763202725724023 0.09190800681431004 0.15502555366269163
0 0.07031516183986371 0.5664395229982965 0.07862010221465077 0.11413969335604776
1 0.18990623316059618 0.43696763202725697 0.15834738966020429 0.2742759795570697
1 0.3499148211243612 0.4454855195911414 0.16831345826235097 0.26405451448040884
0 0.4999574105621807 0.4497444633730835 0.14063032367972744 0.22827938671209544
1 0.15502555366269163 0.5911413969335605 0.0797274275979557 0.10221465076660997
1 0.2574531516183986 0.571550255536627 0.07640545144804087 0.14139693356047708
0 0.34216354344122657 0.614991482112436 0.08858603066439517 0.08517887563884152
1 0.44182282793867117 0.5860306643952299 0.11073253833049407 0.14650766609880747
0 0.5591993185689949 0.5834752981260647 0.11737649063032357 0.1925042589437819
1 0.6256388415672913 0.42759795570698467 0.11516183986371374 0.20102214650766612
1 0.6710391822827938 0.6073253833049403 0.11959114139693355 0.15843270868824533
5 0.7330494037478704 0.37819418498596674 0.09744463373083478 0.1294719366720185
4 0.7801107325383305 0.4258943781942078 0.1738500851788757 0.13287904599659278
1 0.7446763202725721 0.5357751468103881 0.11626916524701865 0.11754688646575079
0 0.8614991482112435 0.49744463373083475 0.12180579216354345 0.10221465076660984
0 0.9096678023850084 0.37734241908006816 0.08747870528109018 0.14821124361158436
