5 0.09757965686274511 0.133578431372549 0.16488970588235297 0.24264705882352938
0 0.16887256735934236 0.452205882352941 0.11151964452260624 0.19607843137254888
0 0.22343745546064475 0.5925246025693662 0.11868881456890668 0.22181391102108608
0 0.2983149431205061 0.7083334260987786 0.1075367804256548 0.17401979337402732
0 0.3532781836545479 0.7806373139345165 0.09957107319144846 0.13970600041805323
0 0.4369178921568628 0.8143382605937846 0.08045343137254904 0.12867652118756884
0 0.5197610425115744 0.8180147733481313 0.08045345757216954 0.13357856630410542
0 0.6022058823529413 0.789828431372549 0.09718137254901961 0.12622549019607845
0 0.677879901960784 0.7401960362652611 0.10036764705882342 0.18137263335183057
0 0.7694852941176472 0.6587009803921569 0.11311274509803937 0.18504901960784317
1 0.7794424019607844 0.5006127450980392 0.11231617647058811 0.15563725490196084
3 0.8308210600916381 0.33700980392156865 0.1863970955029981 0.2720588235294118
1 0.8837928476175075 0.12071078431372544 0.17285548123557315 0.23406862745098028
