0 0.08085171568627451 0.36151960784313725 0.03425245098039215 0.15686274509803919
0 0.10992647058823532 0.3774509803921569 0.033455882352941176 0.14460784313725492
4 0.14975490196078436 0.4019607843137255 0.060539215686274496 0.17892156862745096
4 0.30508578431372546 0.38357843137254904 0.09718137254901958 0.20098039215686275
4 0.690625 0.40134803921568635 0.10036764705882348 0.19240196078431374
4 0.8646752450980394 0.38296568627450983 0.0708946078431373 0.1973039215686275
4 0.9224264705882353 0.35600490196078427 0.0509803921568627 0.17279411764705876
1 0.226623774509804 0.3903186274509804 0.10753676470588239 0.23406862745098042
1 0.11550245098039218 0.5134803921568626 0.06531862745098042 0.12745098039215683
1 0.1756433823529412 0.5416666666666666 0.050183823529411795 0.11029411764705883
1 0.2333946078431373 0.5667892156862745 0.09080882352941178 0.15318627450980402
1 0.3186274509803922 0.5618872549019608 0.07965686274509806 0.1850490196078431
4 0.42735906862745104 0.36887254901960786 0.14895833333333341 0.2647058823529412
4 0.5715379901960784 0.37928921568627444 0.14736519607843143 0.24632352941176472
0 0.405453431372549 0.5588235294117646 0.09399509803921567 0.13725490196078433
0 0.4954656862745099 0.5612745098039216 0.08602941176470594 0.13480392156862742
0 0.5810967959594747 0.5680147058823534 0.09001221936992933 0.15318627450980407
1 0.6671262254901962 0.5600490196078431 0.08841911764705877 0.13480392156862742
1 0.753952205882353 0.5557598039215687 0.0868259803921569 0.13848039215686278
2 0.7897978039876563 0.37377463630225594 0.10435048624807503 0.24999984820199905
1 0.8312193627450981 0.5214460784313726 0.0788602941176471 0.13357843137254904
1 0.916850502040089 0.5177696078431373 0.08762257270762909 0.18750000000000008
2 0.9682291666666668 0.2849264705882353 0.05177696078431367 0.17279411764705885
