5 0.15790432001303847 0.36089238845144356 0.16036388886059355 0.18110236220472445
5 0.17462938817641327 0.5236220472440946 0.1505256134703731 0.13910761154855641
6 0.8667520618784229 0.3766404199475062 0.1613477163996153 0.17585301837270323
4 0.844124028480916 0.526246719160105 0.1633153714776597 0.19947506561679787
4 0.8141172885407437 0.6463254593175853 0.13281671776797627 0.15091863517060378
4 0.7762399282883947 0.7093175853018373 0.12002695976068964 0.1377952755905511
3 0.7049124317092964 0.7703412073490813 0.10723720175340304 0.1128608923884515
3 0.6257143148180216 0.7933070866141734 0.10625337421438111 0.09842519685039364
2 0.5283153884548389 0.8228346456692914 0.08657682343394008 0.10498687664041995
2 0.34827494881380444 0.818241469816273 0.09247978866807237 0.10104986876640425
4 0.19086254257027704 0.6345144356955381 0.1515094410093952 0.11154855643044627
