1 0.31740193982413767 0.4378834452133905 0.09001837318369862 0.17881925357708497
1 0.3525189974947014 0.5531647937960645 0.10584577945775553 0.17044899064368962
2 0.41854895804428244 0.411250790425314 0.11821094060936232 0.19555977944387595
1 0.43264524175711444 0.5219665410443177 0.07616939269389882 0.1156618150796465
2 0.49867520230669554 0.4306545817709126 0.06083659286590624 0.18414578453470035
1 0.5535765288511285 0.43445924674063774 0.05786897625211619 0.2145831042925021
1 0.5936396522080346 0.43027411527394 0.044019998213715675 0.19403791345598578
1 0.5392329308839663 0.5565889922688172 0.024235715857149672 0.06163557250954845
1 0.5614902209568587 0.5539257267900095 0.01632201272012111 0.041090381673032327
1 0.5011482345370168 0.5276735384989055 0.04500918659184926 0.0738105004126691
1 0.61713344613909 0.43788344521339057 0.02769796097959947 0.1514256657950635
