1 0.43054534313725495 0.14276960784313725 0.13462009803921568 0.15808823529411764
1 0.33296568627450995 0.25061266919903863 0.11311274509803924 0.17769623022937364
0 0.5671568627450981 0.11274509803921569 0.1242647058823529 0.17647058823529413
0 0.24932598039215692 0.3455882352941177 0.10355392156862746 0.18382352941176472
1 0.21786151960784308 0.5128677988568247 0.13780637254901956 0.17769638202737478
1 0.17922794117647062 0.6642156862745098 0.15294117647058825 0.1715686274509803
3 0.1712622549019608 0.8615196078431373 0.1704656862745098 0.2524509803921569
1 0.6579656862745096 0.21017142526267216 0.11470588235294114 0.1580885220236754
0 0.7591299019607844 0.30392156862745096 0.11470588235294116 0.16666666666666669
0 0.8065257117144591 0.4650735294117642 0.12824759617892514 0.17524509803921567
0 0.8395833333333335 0.6317401960784315 0.1465686274509804 0.16299019607843135
3 0.8511335496117896 0.8308824457066213 0.17285544979602832 0.25000018553089004
