3 0.14218750000000002 0.1329656862745098 0.16488970588235297 0.1924019607843137
4 0.19237130773739794 0.34191176470588247 0.17126228648598857 0.25000000000000006
0 0.24056374325621174 0.511029411764706 0.1306372904339921 0.1740196078431373
0 0.2556985294117647 0.6660539215686273 0.1290441176470588 0.1776960784313725
0 0.3054840686274511 0.7922794960969287 0.10594362745098045 0.16299036474287704
0 0.388327205882353 0.8517156862745098 0.09638480392156865 0.15931372549019612
0 0.4667892156862746 0.8866421568627451 0.09399509803921567 0.1482843137254902
0 0.5512254901960785 0.875 0.08762254901960788 0.14215686274509806
0 0.6392463235294119 0.8425245098039216 0.09638480392156858 0.1556372549019608
0 0.696997549019608 0.7696078431372549 0.10674019607843135 0.17156862745098025
0 0.7499693311610706 0.6403186611838696 0.12506133767785946 0.19485287371069226
5 0.8057291548226562 0.10355404806696171 0.1617034550605697 0.19975515495745286
5 0.8172793841286818 0.3216911764705882 0.1688724937475595 0.24632352941176466
1 0.7686887373342066 0.4797794117647055 0.13063727858998175 0.17034313725490186
