3 0.1384126201838248 0.36807434306781106 0.10617752171671442 0.11749736014674615
2 0.1483474104055729 0.45500346700698147 0.12356341686797484 0.09457075695047285
2 0.2495575492746136 0.41344918448725276 0.12356334328877148 0.15093194191969236
2 0.36722213508904294 0.44258472349233613 0.12294241215515213 0.14997667834575545
2 0.2691165562351357 0.5362011085817379 0.15026293074863373 0.12705086778314384
2 0.3933008355628081 0.5557837047019083 0.12666794990406752 0.14328973424898925
1 0.5053771073959443 0.42634535172253235 0.12853065991516266 0.22448701913859803
1 0.5594563212895283 0.5825311144959112 0.10493570359699693 0.2044266624284921
1 0.6333459415650878 0.4487940853417389 0.11487041042898233 0.20060535052680373
1 0.6662547888557033 0.5519626504061598 0.09375911978193222 0.19105291294584734
0 0.7547360773916327 0.44545061329335517 0.1254261072579492 0.22830809325018836
1 0.8699169926296669 0.4459282946199272 0.10741940851035507 0.22353167630129525
0 0.7519419387957879 0.583963881053847 0.07637333745211702 0.11940794674214508
0 0.8233478884949499 0.5873073035626273 0.061471220793417096 0.09361583024584172
2 0.9562250467243294 0.40485196094062986 0.036634358060489945 0.2120685134140497
0 0.9335614282432303 0.4416296085372102 0.026078715189605944 0.17290270688262613
2 0.9124500983539389 0.5916059896453447 0.040980817132464854 0.1155868924463963
0 0.875815723124968 0.58635203998869 0.036013461263831294 0.08597372165434436
