5 0.20631127450980394 0.5655637254901962 0.1593137254901961 0.2169117647058824
1 0.17803308823529412 0.7628676470588235 0.15851715686274515 0.2291666666666667
1 0.2600295861659104 0.42445676194345944 0.12500055824405887 0.13212563803954785
4 0.26256872782355695 0.34038333214125693 0.11227566325659108 0.14077260387983295
1 0.2749338889751638 0.20722000060083162 0.08853455384550578 0.17121003883772068
0 0.4413689580757933 0.17653645459524994 0.07715860558602734 0.13088047495854735
0 0.35926428802912325 0.19352326430986366 0.08902916029156999 0.1438163358556131
0 0.5180329572157565 0.15865452923754142 0.07814781847815581 0.13925073789194284
0 0.5934604402405589 0.18490671752864543 0.094469831198277 0.1263148769948771
1 0.6763070101507275 0.18909179663166797 0.09199677935675915 0.17425376034076592
3 0.6374804139402795 0.3496487107177471 0.094469831198277 0.12403207801304199
2 0.7163701420875319 0.29562246814764914 0.11079184391839818 0.16512245968607428
4 0.7445627095131958 0.444384868463905 0.1612417014169546 0.2374110941108534
4 0.796743689572977 0.6300525189864955 0.15085496604960483 0.20393004237727155
6 0.8417528761648262 0.7966968446604596 0.12315700507000528 0.19479884644993078
