3 0.24649581542832621 0.5015854853014305 0.0860615216151844 0.09055102627945999
1 0.22473313180149798 0.4076102605492178 0.05935277352771337 0.11718368106753659
1 0.29546185358868976 0.45440763967683795 0.09397522475221283 0.11337901609781134
3 0.3414602530726675 0.5537095105867521 0.133543740437355 0.09587778763724619
0 0.37608271900556434 0.48941055739830985 0.0761694221106929 0.11185715010992127
0 0.44804794219951966 0.4932151490588897 0.08853455384550574 0.1301196885828937
0 0.43766120683216964 0.5811029831686874 0.09249140541402 0.10196502118863571
0 0.5385609218292823 0.4882691579073922 0.1043619601195627 0.1658833926800194
0 0.5271849735698041 0.5932780000900567 0.10040510855104824 0.15218677682550436
0 0.6406684169343023 0.48560589242858454 0.10634038590381983 0.18947231549231552
0 0.6275613461135988 0.5959411765506158 0.09694286342859833 0.1575131297466239
0 0.7576428377514044 0.4707676990466563 0.1256300299461279 0.2145831042925021
0 0.7158485967360726 0.5890927796051105 0.06380423154229192 0.10424782017047086
0 0.8761010852608985 0.4437545777616073 0.11326487614871965 0.21838776926222728
0 0.8130387633877031 0.5761569187080446 0.04946064460642788 0.0890291602915699
0 0.9359484652346759 0.45060297470711264 0.038084696346949304 0.1666443256739644
0 0.8765956917069627 0.5803420501747424 0.046987612376106255 0.07761516538239434
0 0.9364430716807405 0.5449586659562979 0.029181780317792488 0.04793877861853772
1 0.9750223744737541 0.38820646920361923 0.04401997369972065 0.2107784393227769
0 0.9554854198542151 0.4985417533256504 0.02473032230321394 0.06315743849743853
