0 0.10954545454545453 0.4489510489510489 0.03727272727272725 0.17062937062937059
0 0.13954545454545456 0.45594405594405585 0.046363636363636364 0.1622377622377622
0 0.17863636363636362 0.437062937062937 0.09909090909090908 0.186013986013986
0 0.2554545454545455 0.44825174825174813 0.0909090909090909 0.18041958041958034
0 0.33818179663635584 0.44405594405594423 0.08545450236362073 0.1804195804195804
1 0.42681812436361577 0.4517482517482514 0.08818170327268594 0.1734265734265733
0 0.16363636363636366 0.6034965180026901 0.05090909090909093 0.14685317586552027
0 0.1995454473636337 0.5874127034620813 0.0427272583636312 0.1202799523787081
0 0.22863636363636367 0.5867132867132868 0.048181818181818166 0.11608391608391606
0 0.27727272368181693 0.5888111888111888 0.05636362918181544 0.11748251748251747
0 0.3372727272727273 0.5916083916083915 0.0636363636363636 0.12867132867132866
1 0.4109090909090908 0.6027972608219496 0.08181818181818183 0.16223787828725608
1 0.510454541863635 0.4790208629714849 0.07727264827269903 0.12447552447552447
0 0.49181817104545084 0.5958041958041957 0.08363634209090146 0.15104895104895089
2 0.6693831650821963 0.4791124641124474 0.09414963442459535 0.10243588628381542
1 0.5714166219388971 0.5841581818939398 0.07803393832793043 0.12461945401406843
0 0.5860480081997962 0.4862895007310585 0.0742171234196534 0.10765554927916877
1 0.6577204906280693 0.5642582911638289 0.10135931403916165 0.09395408279571567
2 0.7317255334099996 0.46149610150312936 0.03307961423305386 0.060678582320986225
0 0.730665286013696 0.5264156600078405 0.04113746228138624 0.07177036618611282
