0 0.054564950980392164 0.42830882352941174 0.09479166666666668 0.2193627450980392
1 0.04341299019607844 0.6409313725490197 0.07886029411764707 0.2524509803921569
0 0.12107843137254903 0.6139705882352942 0.09240196078431374 0.18872549019607845
0 0.16927083333333337 0.4056372549019608 0.1601102941176471 0.2696078431372549
0 0.2087009803921569 0.6115196078431372 0.09558823529411764 0.2132352941176471
0 0.3261948529411765 0.4087009803921569 0.16170343137254906 0.27328431372549017
0 0.30986519607843144 0.6188725490196079 0.10514705882352943 0.18872549019607845
0 0.4181985294117648 0.5919117647058824 0.09558823529411775 0.18382352941176477
0 0.47435661764705883 0.40625 0.1362132352941176 0.2193627450980393
1 0.5934436274509806 0.4056372549019608 0.11948529411764702 0.2450980392156863
0 0.5269301470588236 0.6011029411764706 0.12187499999999993 0.24387254901960773
0 0.6157475490196079 0.5716911764705883 0.10674019607843135 0.18014705882352935
1 0.694607843137255 0.4301470588235295 0.10036764705882348 0.2034313725490196
0 0.6997855392156864 0.5704656862745098 0.09797794117647057 0.13602941176470587
1 0.7790441176470588 0.5306372549019608 0.10355392156862749 0.125
1 0.7886029411764707 0.3946078431372549 0.10514705882352943 0.16666666666666669
0 0.8594975490196081 0.35049019607843135 0.04779411764705898 0.08578431372549015
