1 0.5595894607843138 0.4240196078431373 0.15692401960784325 0.25245098039215697
0 0.29433213666271996 0.4246323529411762 0.09957102079220678 0.18259803921568638
0 0.20631129022957634 0.39399509803921573 0.07806369405065121 0.1948529411764706
0 0.3082720300039465 0.5765931878542356 0.08602944844417498 0.1507353615834254
0 0.4058517156862746 0.5894607843137255 0.09319852941176471 0.10539215686274517
0 0.49586397058823534 0.5888480392156863 0.0788602941176471 0.10906862745098046
0 0.5834865274677293 0.5925245098039216 0.08204658434722337 0.10661764705882362
0 0.7021752267583058 0.4080881678283392 0.12506131118927322 0.21078444865704646
0 0.6731005059158508 0.5594362745098038 0.09080885496895676 0.1164215686274509
0 0.7941788901290826 0.38602941176470595 0.07487738810130252 0.1740196078431373
1 0.20790438556508492 0.5447302993914181 0.10992652298747646 0.17034379504624056
0 0.7587316176470589 0.5441176470588236 0.07248774509803922 0.13725490196078438
0 0.13541667976647706 0.3664215686274509 0.0732842875258695 0.17647058823529405
1 0.10036764705882355 0.4534313725490196 0.08602941176470591 0.13970588235294115
0 0.07328431372549021 0.31862745098039214 0.06691176470588237 0.15686274509803919
0 0.037438725490196084 0.33762254901960786 0.05098039215686275 0.10661764705882355
0 0.8678615196078432 0.35049019607843135 0.08523284313725497 0.14705882352941171
0 0.8316176889782168 0.5061274509803918 0.07487753481917832 0.16666666666666646
0 0.8905637621696653 0.49999999999999983 0.06053928904521235 0.15686274509803932
0 0.9176470588235296 0.35294117647058826 0.05257352941176478 0.12009803921568625
0 0.9574754901960785 0.34068627450980393 0.05894607843137251 0.15931372549019604
1 0.4122242647058824 0.42647058823529405 0.13780637254901962 0.23284313725490186
