2 0.3142463235294117 0.18321072528116958 0.09957107843137257 0.17524521610432778
1 0.4193933823529411 0.1335783807732152 0.11709558823529409 0.1691177482574907
1 0.5456495098039214 0.12622543959674473 0.13063725490196082 0.15441186590454978
0 0.2457414215686275 0.33700980392156865 0.08204656862745101 0.13725490196078433
3 0.20870098039215684 0.4534313725490196 0.1338235294117647 0.1617647058823529
0 0.17285539215686277 0.5998774509803921 0.13382352941176473 0.19975490196078424
4 0.1441789215686275 0.7763480392156862 0.16250000000000003 0.24387254901960786
3 0.13223039215686277 0.9191176639252682 0.15772058823529414 0.15196081804661443
1 0.6563725490196077 0.17463225174250913 0.08762254901960788 0.14338255533851146
2 0.7599264705882354 0.29963235294117646 0.10036764705882348 0.18259803921568626
4 0.8610906862745098 0.761029411764706 0.14656862745098023 0.26715686274509814
3 0.8945465686274511 0.917279411764706 0.16090686274509808 0.15808823529411767
