2 0.06363636363636364 0.47062937062937055 0.05090909090909092 0.08531468531468533
1 0.1368181818181818 0.44615384615384607 0.10999999999999999 0.17062937062937053
0 0.05136363636363636 0.5286713286713285 0.029999999999999995 0.03076923076923073
1 0.11545454545454546 0.5440559440559439 0.1290909090909091 0.08671328671328667
0 0.22954545454545452 0.44755244755244744 0.0845454545454545 0.12027972027972034
1 0.18454545454545454 0.5783216783216782 0.11999999999999998 0.15524475524475526
0 0.2872727272727273 0.5384614804367915 0.1 0.19020990625928433
0 0.3381818181818182 0.4293706293706293 0.07090909090909094 0.08111888111888113
4 0.39045454545454544 0.506993006993007 0.10272727272727267 0.1944055944055944
4 0.6686363636363636 0.50979025330877 0.09909090909090898 0.18881110177406854
0 0.4868181710454508 0.5034965034965034 0.09363634209090142 0.1482517482517482
0 0.5772727129090858 0.5048951048951043 0.08545457418182842 0.13426573426573404
0 0.7254545454545455 0.4244755244755244 0.07636363636363655 0.08251748251748253
0 0.8154545131363521 0.43776223776223766 0.08909097372729605 0.17902097902097908
0 0.7718181818181818 0.5356643356643356 0.09454545454545453 0.1902097902097902
0 0.885 0.46993006993006986 0.10636363636363655 0.13706293706293698
1 0.8595454545454545 0.5846153846153845 0.10090909090909093 0.1566433566433566
0 0.9536363636363632 0.4944058845293291 0.03636363636363638 0.05454487429798505
1 0.9240909090909091 0.5580419580419579 0.057272727272727336 0.053146853146853204
