2 0.1647957239522947 0.18300438504378277 0.14788732737321908 0.213822171298557
1 0.20189122946971147 0.37856413306945363 0.15382264885118196 0.21990969808652794
1 0.2469003989017639 0.5280874977978597 0.11821095041496052 0.15827406274056893
1 0.2901784641580879 0.6585875062594346 0.103867365930496 0.17120992363763457
1 0.34161752842027404 0.7689227903814657 0.08803994739944149 0.14077260387983315
0 0.42693714036636193 0.7979722901075911 0.07864242492422015 0.1225102120251519
0 0.489257552570461 0.8253658778896127 0.07468557335570594 0.11490088208570157
0 0.5528144906953188 0.7960699576227287 0.07221256073658075 0.12479301100698698
0 0.6240378091229766 0.7793294317559378 0.08408309583092709 0.1232711450190969
1 0.6853690084349472 0.7458483800223559 0.09892128921285562 0.14762100082533836
1 0.7370553930799625 0.6339912822761102 0.09941587359632446 0.16283955597688887
1 0.7680295853757528 0.5061544921660348 0.11178103965073063 0.15675218627994378
2 0.8469193049431061 0.15916904169072782 0.13304913399129092 0.19632071243782107
1 0.8038885441355141 0.35016322317093357 0.1468981144810904 0.21458310429250205
