2 0.30249343832021 0.42903290934787 0.14304461942257218 0.22814455885322027
0 0.45603674540682404 0.4613365636987686 0.179790026246719 0.25641025641025644
0 0.6526054632830062 0.44930949767797423 0.16761616293079798 0.270281924594293
1 0.7982612198405189 0.3969079000525504 0.1254880364187794 0.23442819990321415
0 0.1868875399522535 0.40518183651972267 0.10307945848685446 0.19581649638974344
1 0.10173494381093896 0.3748440694734244 0.08335990990676055 0.14617287758671002
0 0.0385427540429108 0.32795842949278153 0.06274401820938967 0.13514096229714692
0 0.10621665939732393 0.4768892859018823 0.06901842003032863 0.08549734349411338
0 0.03809458248427228 0.41276627828129725 0.05288424391934268 0.05378058703661986
0 0.1631344473444129 0.5437702723448572 0.08067088055492927 0.1282460152411699
0 0.25007972972028164 0.5906559123255009 0.08784162549314554 0.1806476128665944
0 0.3527110166484976 0.6209936793717991 0.11383557589417836 0.17513165522181276
0 0.46565024942539857 0.6575368987684764 0.1174209483632862 0.15996277169866396
0 0.6032389179274179 0.6271991317221784 0.11652460524600947 0.20960639050169733
0 0.7148336360284037 0.5996193434982708 0.10666483095596234 0.17375266581061774
0 0.9005059139822532 0.36243316477266596 0.10039042913502343 0.20133245403452504
0 0.9686279908953052 0.320373987731207 0.055573273271173916 0.1558258034650776
0 0.9628017606330045 0.43551960356602093 0.0564696163884507 0.10480319525084866
0 0.9099175167136597 0.5044690741257896 0.09411602731408433 0.14341489876431995
0 0.8198350334273218 0.5747975340967527 0.1075611740732409 0.17926862345539893
