1 0.06890318627450981 0.44669117647058826 0.08204656862745101 0.14583333333333343
3 0.10873160185504492 0.5582108349130592 0.10912990196078433 0.10661764705882348
1 0.15373774509803925 0.46813725490196084 0.09877450980392158 0.14705882352941174
1 0.2441482843137255 0.47120098039215685 0.08682598039215683 0.19240196078431368
2 0.22224264705882354 0.5919117647058824 0.12745098039215688 0.12254901960784309
1 0.3170343492575215 0.47671568627450983 0.09558830635818003 0.2107843137254902
1 0.3090686274509804 0.6127450980392157 0.09877450980392162 0.1348039215686275
1 0.42935049019607846 0.46446078431372556 0.1338235294117647 0.27205882352941174
1 0.40545345111256637 0.6243873223677386 0.12267152914741636 0.2120099388531254
1 0.5595894607843138 0.43321078431372556 0.121875 0.2536764705882353
1 0.5221507491121298 0.6145833333333333 0.1170956158713183 0.21691176470588217
1 0.6758884803921569 0.4632352941176471 0.12984068627450968 0.2622549019607843
0 0.6169424019607844 0.6004901960784315 0.06770833333333343 0.090686274509804
0 0.6934129901960785 0.6329656862745098 0.05496323529411768 0.08700980392156872
1 0.8128983060277452 0.4283088235294117 0.1473652395064698 0.2977941176470588
0 0.7635110294117647 0.6268382352941176 0.09160539215686271 0.13357843137254896
0 0.8288296568627451 0.5821078431372548 0.04381127450980386 0.04656862745098032
1 0.8889706060013098 0.6164215686274508 0.08443631004183513 0.17647058823529405
1 0.8989277158184487 0.4148284313725489 0.08363974536238757 0.22916666666666657
1 0.9606617647058825 0.45588235294117646 0.060539215686274586 0.2426470588235294
