0 0.09598651960784314 0.4074754901960784 0.046997549019607864 0.10416666666666664
0 0.12147671568627454 0.5214460784313726 0.05337009803921571 0.1139705882352942
0 0.14139093137254907 0.4368872549019608 0.04699754901960786 0.15318627450980388
0 0.18958333333333335 0.44852941176470595 0.05735294117647058 0.14460784313725492
0 0.1764399509803922 0.5502450980392157 0.06770833333333331 0.10294117647058826
0 0.2600796568627451 0.44485294117647056 0.09001225490196081 0.21078431372549025
0 0.34929534313725497 0.4546568627450979 0.09319852941176471 0.17892156862745096
0 0.23259803921568634 0.5808823529411764 0.0764705882352941 0.10539215686274503
0 0.305484068627451 0.5943627450980392 0.06930147058823528 0.15441176470588233
0 0.3751838235294118 0.5870098039215687 0.06850490196078425 0.13480392156862733
0 0.4544424019607844 0.4442401960784314 0.12028186274509807 0.21200980392156865
0 0.5731311274509804 0.4497549019607843 0.120281862745098 0.2107843137254902
0 0.4596200980392158 0.5949754901960784 0.07169117647058826 0.1139705882352942
0 0.5325061274509806 0.5931372549019608 0.056556372549019684 0.10539215686274524
0 0.6085784313725491 0.585171568627451 0.06691176470588232 0.14583333333333343
0 0.6703125000000001 0.44117647058823534 0.08682598039215698 0.17401960784313722
0 0.7447916666666667 0.43443627450980393 0.07487745098039227 0.1850490196078431
0 0.6778799019607844 0.5968137254901963 0.07328431372549005 0.15196078431372548
0 0.7376225490196079 0.5784313725490198 0.06850490196078439 0.12009803921568618
0 0.7937806372549021 0.4338235294117648 0.053370098039215746 0.1642156862745099
0 0.7838235294117648 0.5661764705882354 0.035049019607843096 0.08823529411764702
0 0.8232536764705884 0.42892156862745096 0.03265931372549019 0.13970588235294115
0 0.8160845588235296 0.5386029411764706 0.03743872549019613 0.07965686274509814
