0 0.12107843137254903 0.4178921568627451 0.10514705882352943 0.11519607843137251
0 0.22303921568627452 0.4424019607843138 0.09558823529411764 0.15196078431372556
0 0.1692708333333334 0.5220588235294117 0.07726715686274511 0.08578431372549013
1 0.2457414215686275 0.5612746531687003 0.09319852941176472 0.117647345553087
0 0.28238358237937605 0.4987745098039214 0.050183831425418726 0.10294117647058826
0 0.3265931372549021 0.4742647058823529 0.08284313725490193 0.1544117647058824
0 0.32738970588235305 0.5674019607843137 0.06053921568627452 0.0661764705882353
0 0.405453431372549 0.47610294117647056 0.12904411764705878 0.2267156862745098
0 0.3811580882352941 0.6231617647058824 0.09797794117647057 0.10416666666666678
0 0.47156862745098027 0.6200980982482425 0.09877450980392152 0.17401972590824927
0 0.5348958333333333 0.47303921568627444 0.12984068627450981 0.21568627450980402
0 0.6886335507953487 0.4497547838956723 0.15692396433579459 0.2524512165223806
0 0.5898590863934666 0.5968137254901957 0.10435052572810961 0.2303921568627448
0 0.6942095588235295 0.6207107843137255 0.10275735294117652 0.13848039215686278
0 0.799356617647059 0.5955882352941176 0.1011642156862746 0.21813725490196084
0 0.8590992647058825 0.44240196078431365 0.16648284313725498 0.25735294117647056
0 0.8893688804450267 0.6207107843137254 0.08523285892926885 0.1605392156862745
0 0.9646445782331113 0.5000000000000001 0.05894613765142427 0.1789215686274509
0 0.9622549019607844 0.613970588235294 0.06372549019607845 0.09803921568627452
