1 0.5998161764705884 0.41544117647058826 0.12904411764705878 0.23284313725490197
1 0.46320465686274515 0.40441176470588247 0.13780637254901962 0.22794117647058826
0 0.5094056372549021 0.5814950980392157 0.07567401960784316 0.13848039215686284
0 0.5890625 0.5870098039215687 0.07567401960784316 0.13725490196078424
0 0.3508884803921569 0.4276960784313726 0.09957107843137254 0.1764705882352942
2 0.4237745098039216 0.5912990196078431 0.09080882352941173 0.16544117647058834
2 0.33097426470588237 0.6041667678653341 0.10435049019607842 0.18627471220125627
2 0.25928308823529417 0.44546568627450983 0.0852328431372549 0.1801470588235294
2 0.244546568627451 0.6151960784313724 0.06850490196078432 0.15931372549019607
2 0.18520220588235298 0.4669117647058823 0.07408088235294116 0.17156862745098045
1 0.18759191176470588 0.613970588235294 0.050183823529411774 0.11029411764705876
2 0.14218750000000002 0.602328431372549 0.04540441176470589 0.09436274509803923
2 0.13939950980392157 0.4871323529411765 0.043014705882352955 0.1335784313725491
2 0.09200367647058824 0.5998774509803922 0.061335784313725494 0.08700980392156865
2 0.06412377450980392 0.48345588235294124 0.05177696078431373 0.1090686274509804
1 0.1095281862745098 0.49203431372549017 0.03425245098039218 0.10416666666666664
0 0.6675245098039215 0.5912990196078431 0.07487745098039213 0.1556372549019608
0 0.717310049019608 0.41727941176470595 0.09957107843137251 0.2095588235294118
2 0.810906862745098 0.44607843137254904 0.07965686274509806 0.22303921568627458
2 0.7424019607843139 0.6121323529411765 0.07328431372549034 0.2193627450980393
2 0.7957720588235295 0.6299019607843137 0.049387254901960914 0.16911764705882362
2 0.8746323529411765 0.4981617647058823 0.06850490196078425 0.1580882352941176
2 0.9056985294117648 0.5484068627450981 0.04301470588235304 0.10906862745098031
1 0.9339767156862746 0.5606617647058824 0.050183823529411885 0.10906862745098046
1 0.9670343137254903 0.5490196078431373 0.04779411764705884 0.07843137254901969
1 0.8363970588235295 0.6286764705882353 0.0430147058823529 0.08088235294117638
1 0.888970588235294 0.6403186780503141 0.062132352941176514 0.08455892472807917
