1 0.025091911764705887 0.4252450980392157 0.039031862745098046 0.2769607843137255
1 0.10634191176470587 0.39705882352941174 0.1250612745098039 0.25980392156862747
1 0.03186274509803922 0.5870098039215687 0.05575980392156864 0.15196078431372548
1 0.10753676470588236 0.5839460784313725 0.09877450980392158 0.21691176470588233
1 0.2294117647058824 0.43872549019607837 0.14338235294117646 0.28921568627450983
0 0.19077818627450982 0.5894607843137255 0.03903186274509803 0.05882352941176471
0 0.27083333333333337 0.6158088235294117 0.06372549019607841 0.10416666666666657
1 0.3708026960784314 0.4160539215686274 0.14736519607843135 0.31740196078431365
0 0.3445159313725491 0.6311274509803922 0.08841911764705887 0.15196078431372556
0 0.4269607843137255 0.5686274509803922 0.06691176470588232 0.10294117647058826
1 0.5006433744569344 0.4154412270699219 0.12506127450980395 0.24999999999999997
1 0.5189644607843138 0.6225490955068436 0.12346813725490198 0.24264721062153075
1 0.6249080882352942 0.4669117647058823 0.12824754901960772 0.2696078431372549
1 0.6296875000000002 0.6341911764705882 0.10753676470588239 0.18995098039215677
1 0.7181066176470589 0.4761029411764707 0.09001225490196063 0.21200980392156865
1 0.714123774509804 0.6200980392156863 0.09001225490196077 0.1813725490196078
1 0.785416666666667 0.4675245098039216 0.0732843137254902 0.18259803921568626
1 0.8021446078431373 0.6017156862745098 0.07965686274509792 0.12254901960784316
2 0.8487438725490197 0.4718137254901961 0.07567401960784309 0.1568627450980393
1 0.9188419117647061 0.4424019607843138 0.07726715686274517 0.15931372549019612
1 0.8778186274509804 0.5631127450980392 0.08443627450980401 0.1139705882352942
