4 0.21656499550335354 0.21951219512195125 0.1540778624134531 0.21951219512195125
4 0.6317192358951577 0.07240853658536585 0.18146948239806704 0.1448170731707317
4 0.7802331754992362 0.07621951219512194 0.14295001679470398 0.15243902439024387
5 0.8089087776706286 0.20579268292682915 0.1335341474249913 0.18902439024390272
6 0.8089087776706286 0.3826219512195121 0.14722995741729977 0.18292682926829287
6 0.7943569795538025 0.5403963414634144 0.11983833743268607 0.1539634146341465
6 0.2473805679860441 0.4138719512195122 0.1472299574172996 0.2149390243902439
3 0.27391619984613863 0.5975609756097562 0.11641438493460862 0.20731707317073167
3 0.7862250923708703 0.6707317073170731 0.09843863431970604 0.17987804878048777
1 0.31585961794757883 0.753048780487805 0.12326228993076249 0.21646341463414628
1 0.391186572905267 0.8178353658536586 0.08559881245191846 0.2850609756097559
1 0.4682255041119936 0.823170731707317 0.10443055119134044 0.19512195121951223
1 0.5388445243848262 0.8628048780487805 0.07789491933124566 0.15243902439024395
1 0.6068955802841015 0.8346036585365855 0.08731078870095679 0.16920731707317074
1 0.6826505293040492 0.8064024390243902 0.07960689558028405 0.15853658536585358
1 0.7143220899112589 0.708079268292683 0.10015061056874444 0.1905487804878048
