5 0.870909090909091 0.9496503496503496 0.11818181818181828 0.09230769230769241
4 0.8440909090909091 0.8146853146853147 0.1427272727272728 0.23636363636363641
1 0.7826775369292958 0.7067103985804499 0.15651322606036558 0.23605273438612484
3 0.8088486009590616 0.5180261058771594 0.1472763799322128 0.1665790199179677
1 0.7665130460701519 0.3826313100670575 0.16626321003699635 0.18789481867524316
1 0.7287959345150703 0.23184168063802776 0.12469742273006137 0.19263184298753927
1 0.6410458962976199 0.18842064184888674 0.10827636294667897 0.15315807607826376
1 0.5674076941696616 0.129473699657926 0.12726318899751154 0.1800001602784128
1 0.4442497741719464 0.13500000966589226 0.1282894971260712 0.17684228054295215
1 0.3352036578321197 0.14684216921678672 0.09903951681852632 0.1484211172728812
1 0.2546378332698988 0.22618430903553438 0.14009216627698287 0.1902632407593849
1 0.22256545088047963 0.3726317412382975 0.15600006794213475 0.18947376673133776
1 0.20526324729228254 0.5178949623989897 0.14778953805044343 0.16578954588992054
4 0.18268429009013146 0.6852634563450047 0.159079016651519 0.23526326035807776
5 0.1431711149863671 0.8518424762629725 0.1683158627796717 0.20842114340447154
5 0.12007899966598527 0.9715789349902991 0.13342111073998364 0.0457894936267401
