0 0.052175245098039225 0.5153186274509803 0.024693627450980395 0.06740196078431375
0 0.11231617647058824 0.4730392156862745 0.0844362745098039 0.17647058823529405
1 0.10594362745098039 0.6200980392156863 0.0892156862745098 0.13725490196078433
1 0.20591295071604382 0.44117647058823484 0.1170955092752248 0.2598039215686271
0 0.1704656862745098 0.6090686274509803 0.07965686274509805 0.11764705882352927
0 0.24733455882352942 0.6035539215686275 0.06292892156862745 0.09191176470588232
1 0.33336397058823536 0.4411764705882353 0.14417892156862752 0.27205882352941174
0 0.3230085784313726 0.6219362745098038 0.07408088235294116 0.11397058823529413
0 0.4130208175413197 0.6084558823529412 0.09638483550559657 0.15318627450980382
0 0.4683823529411763 0.43321070841472475 0.12745098039215688 0.21936289689604016
1 0.5926470371095105 0.4062499072345549 0.1354166232386285 0.2512256757269687
0 0.5281250000000001 0.6280637254901961 0.1242647058823529 0.2659313725490195
0 0.6480085784313726 0.6176470588235293 0.11390931372549012 0.22549019607843135
0 0.7081495098039217 0.4234068627450981 0.11470588235294116 0.20710784313725492
0 0.736029411764706 0.6029411764705884 0.078063725490196 0.16421568627450975
0 0.7905943627450981 0.43688725490196084 0.07726715686274517 0.1409313725490196
3 0.8192708333333334 0.5459559582519417 0.11709558823529406 0.14583348513133465
3 0.8594975490196081 0.4074754901960784 0.07487745098039213 0.13112745098039214
0 0.9248161764705884 0.35294117647058826 0.05735294117647058 0.11274509803921567
0 0.9088848039215688 0.4650735294117647 0.08762254901960773 0.11642156862745097
