5 0.12734611003813204 0.43832020997375326 0.1779895437598602 0.24671916010498685
5 0.8771639394132332 0.3884514435695538 0.17503944082461384 0.2073490813648294
3 0.9042065496529911 0.2099737532808399 0.14455504382706982 0.22047244094488191
3 0.09637002921804586 0.2473753280839895 0.15537208792297189 0.20341207349081367
3 0.1829063819852707 0.5958005249343832 0.14357167618198663 0.15748031496062992
2 0.8496296453509351 0.5452755905511811 0.14160494089182252 0.1561679790026247
2 0.22174940396601367 0.7040682414698165 0.1071870733139489 0.16666666666666674
2 0.30041881557258177 0.805118110236221 0.08751972041230678 0.16404199475065642
2 0.380563278646773 0.8484251968503937 0.09243655863771749 0.11942257217847768
2 0.48037509462260614 0.8484251968503937 0.08948645570247109 0.12204724409448815
2 0.5678948150349131 0.8451443569553806 0.08948645570247116 0.12860892388451448
2 0.6696733663009106 0.8287401574803149 0.11997085270001627 0.12729658792650922
2 0.7385091014566575 0.7677165354330708 0.10423697037870269 0.19422572178477693
2 0.8014446307419121 0.6699475065616798 0.11997085270001634 0.2034120734908135
