2 0.14617038853929476 0.15073529411764708 0.1760417574707465 0.2818627450980392
4 0.2186567395229939 0.3775977732437482 0.17355746394436367 0.26450030869529606
2 0.23089821805288074 0.5931320437786823 0.1207828941288966 0.18665686341471882
2 0.27360748467053114 0.7375922570380519 0.11153375358749461 0.17493849530796524
0 0.3399836697323573 0.8212948863720066 0.08868293577932505 0.15819796944117442
0 0.41152849215555504 0.8669128193590119 0.07616939269389882 0.1489906802144395
1 0.4896021318012287 0.8769571348790858 0.08433042332281512 0.16238310090787192
1 0.564955411724694 0.8669128193590119 0.0957558079580442 0.16238310090787222
1 0.6465654753252998 0.822550425812016 0.11098968649682377 0.1824717319480213
2 0.7126696268417888 0.7250369663180355 0.12350322958224993 0.17828639312116806
3 0.7864536669117475 0.3768338958086854 0.1779099386493205 0.26198928741532085
2 0.7573460775608651 0.583997932210245 0.13166423594231064 0.1841457845347002
3 0.8525578184282386 0.16029053517452327 0.15342691956913868 0.27035949274867366
