4 0.14279798401911598 0.860018098000773 0.1607715516921145 0.19336484975735627
4 0.1848222025669351 0.713511678777748 0.1677113309018462 0.24318884410170433
2 0.21624398065544156 0.5515835402816196 0.14187993051006745 0.14591322033247295
2 0.24997901848052556 0.3054288801362908 0.11681961669714791 0.16370772286370733
0 0.3290153928135795 0.20251848518675516 0.10062679854110756 0.1382025391050598
1 0.4236662703685298 0.14443044765552443 0.1187473331442957 0.1559967463384104
1 0.5431846900916846 0.13849901243353163 0.11874733314429556 0.16311446860480172
1 0.6326307119187826 0.20433782035686618 0.10486773208372999 0.1322712515320087
2 0.702414061011596 0.3280082877996908 0.11489188502103477 0.16370777208002119
4 0.7434744243816362 0.5717903554001029 0.13069922080350796 0.15065845463861663
4 0.7669391074290891 0.7402431157046989 0.15845834373402035 0.2420025570573053
5 0.8155175512369343 0.8801849285392324 0.12761485925910473 0.2253946983887457
