1 0.1178921568627451 0.43382352941176466 0.05098039215686276 0.13725490196078433
1 0.15254289807886792 0.4791668353311122 0.029473066851710566 0.10049053340732303
1 0.19077818627450982 0.4742647058823529 0.0645220588235294 0.1544117647058824
0 0.2535802272660784 0.4641525830933636 0.059991764920956106 0.13879751529049614
2 0.2438892498557701 0.6077423399603857 0.04291718567422251 0.12495326184719864
1 0.16648284313725495 0.5625000843322228 0.10036764705882355 0.11274526670366132
1 0.20581755460209566 0.6091622633904673 0.03414915506267944 0.07099617150409003
1 0.3388377644416184 0.49326101341004047 0.11467658546311327 0.19701437592385
0 0.30365028579630776 0.590170787513123 0.07614341109207623 0.15299674959131404
0 0.39063833635472434 0.6169718422559175 0.05491553865841368 0.11146398926142162
1 0.45861954069654925 0.47315512539019616 0.14864204980913653 0.28585011042263064
1 0.4844169248459794 0.6042681925675185 0.07186414737582326 0.11434004416905214
1 0.5937486571682201 0.4795334851305232 0.14127133122276897 0.24568957870311237
0 0.5630375111117318 0.6056856311315977 0.07616369884318687 0.08882615001562748
0 0.6626952541545308 0.5969447599864429 0.06664323648778847 0.12142723698944799
1 0.7161326880203143 0.4719739038271909 0.11270998982036101 0.18332209980678266
0 0.7936783894634775 0.43582922694591686 0.060193891021228116 0.08740882199820482
1 0.743312072486533 0.5362311414917189 0.09151928328737782 0.16820270960406034
0 0.8087268622187861 0.5341049836456002 0.06879301830997506 0.10630789230593692
1 0.8460409324181702 0.4407902781770555 0.07769925728760584 0.17859725907397425
1 0.9004957572440333 0.46417811202552955 0.05220910431396681 0.07039944868259834
1 0.9075593816459707 0.3833840163318496 0.03132539226614938 0.09874821996418141
