4 0.11811023622047248 0.1483949121744397 0.18635170603674542 0.19584090450232183
2 0.13910761154855644 0.3129416515243287 0.15223097112860895 0.16555622854835447
1 0.19750656167979003 0.4492226933171814 0.15616797900262466 0.1877649909145972
1 0.2504545454545455 0.6111888111888111 0.12636363636363637 0.1874125874125874
1 0.3340908911363572 0.7321678321678317 0.13727269136362324 0.14965034965034954
0 0.45454545454545453 0.8132867132867131 0.14545454545454534 0.1804195804195804
0 0.6145454545454545 0.7986013986013983 0.14727272727272742 0.18181818181818174
2 0.730909090909091 0.7188811188811188 0.13272727272727267 0.15944055944055927
2 0.7990909090909091 0.6055944055944055 0.14181818181818187 0.18461538461538451
2 0.8627272727272726 0.44405598757450415 0.15818181818181798 0.1860138989768656
3 0.9064271566149854 0.3073560549142817 0.1543610409125057 0.15446611990563894
4 0.9156478112833727 0.14133126756142864 0.1536780814152233 0.23432611109193452
