1 0.0816482843137255 0.45955882352941174 0.09001225490196081 0.14705882352941174
1 0.1318321078431373 0.4087009803921569 0.11390931372549024 0.15318627450980393
1 0.19037990196078433 0.5392156862745098 0.14497549019607844 0.11274509803921567
1 0.2294117647058826 0.46629896057528725 0.09558823529411771 0.11151972590824935
1 0.3238051470588236 0.4534313725490196 0.12028186274509807 0.1789215686274509
1 0.303890931372549 0.5729166666666669 0.09957107843137251 0.10906862745098031
2 0.40266544117647063 0.5857843896244908 0.12665441176470596 0.14705897532741274
1 0.4436887254901961 0.4344362745098039 0.14497549019607844 0.20710784313725492
2 0.5241421568627451 0.6017156862745098 0.11311274509803923 0.1813725490196078
1 0.569546552835437 0.4203431372549019 0.11470593762498954 0.21323529411764697
2 0.6241115196078432 0.5735294117647058 0.0788602941176471 0.15931372549019598
1 0.6962009803921566 0.4142156525416206 0.14497549019607842 0.24754908707362133
1 0.8128982764177196 0.416053879402516 0.10435047440406432 0.2340687117832031
1 0.7037684020929587 0.5882352941176472 0.06930151006827007 0.12009803921568629
1 0.7698835843533779 0.5753676470588238 0.06292893341263778 0.11887254901960775
1 0.8208639705882353 0.5655637254901961 0.03265931372549019 0.07720588235294117
1 0.8925551470588234 0.41053921568627444 0.06133578431372556 0.18872549019607837
1 0.8726409412425579 0.5637254901960785 0.06611521581844884 0.14460784313725494
1 0.935968137254902 0.3082107843137255 0.035049019607843096 0.11887254901960784
