0 0.13860294117647062 0.4705882352941177 0.05098039215686278 0.09558823529411768
0 0.15373774509803922 0.5502450980392157 0.07169117647058824 0.09803921568627444
1 0.22423406862745104 0.4607843137254901 0.11390931372549024 0.1274509803921569
0 0.3357536764705882 0.46384803921568635 0.10435049019607842 0.170343137254902
0 0.4401041666666668 0.45894607843137253 0.11231617647058827 0.17034313725490194
0 0.3739889705882354 0.5863970588235294 0.10275735294117645 0.1311274509803922
0 0.5575980392156863 0.4387254901960784 0.12107843137254896 0.22058823529411767
0 0.47674632352941176 0.5900735294117646 0.10116421568627451 0.1556372549019608
1 0.5862745098039216 0.5765932047206802 0.10355392156862753 0.2144609192452821
0 0.6746936274509804 0.42524509803921573 0.10514705882352943 0.18627450980392163
0 0.6770833333333335 0.573529411764706 0.08443627450980394 0.1544117647058824
0 0.7806372575219228 0.41115196078431365 0.10514711646269462 0.21446078431372548
0 0.8794117647058823 0.4221813725490196 0.08762254901960788 0.21200980392156865
0 0.9276041666666669 0.42095588235294124 0.05018382352941174 0.14583333333333337
0 0.946323537271651 0.39093149061413124 0.019117673258444445 0.09803921568627455
1 0.755545343137255 0.5600490196078433 0.06292892156862763 0.15686274509803916
1 0.8140931555946364 0.5649509803921569 0.04460780645778614 0.12009803921568629
1 0.2584865196078431 0.5710785494376606 0.1362132352941176 0.1397061184831653
0 0.8666666666666668 0.5772058823529411 0.044607843137254834 0.11519607843137245
0 0.9072916666666667 0.5894607843137255 0.03186274509803923 0.11029411764705892
