5 0.11311274509803923 0.13970588235294115 0.16090686274509808 0.2352941176470588
3 0.17444855823134747 0.34865196078431365 0.1593137831293617 0.25122549019607826
2 0.2118872549019608 0.5287990196078431 0.11789215686274511 0.1556372549019607
2 0.23897058823529413 0.6795343137254902 0.10674019607843135 0.15808823529411767
0 0.29393382352941183 0.792279411764706 0.09718137254901965 0.17034313725490194
0 0.3708026960784314 0.8370098039215685 0.08045343137254904 0.14705882352941174
1 0.44568014705882364 0.8762254901960784 0.08682598039215683 0.16176470588235303
0 0.5301164241885895 0.857843137254902 0.07886029935757129 0.1519607843137256
0 0.6057904411764706 0.8339460784313725 0.09479166666666672 0.1384803921568627
0 0.6742953431372549 0.772671568627451 0.09001225490196077 0.1556372549019608
2 0.733639705882353 0.6568627450980392 0.10833333333333343 0.15441176470588233
2 0.7639093137254903 0.520220588235294 0.12267156862745096 0.17034313725490186
3 0.8009497129825676 0.3382352941176469 0.1585172407015311 0.23039215686274492
4 0.8567095378638325 0.1292892156862745 0.15533092427233397 0.23897058823529405
