1 0.15373774509803925 0.20404411764705885 0.1433823529411765 0.24387254901960786
3 0.20559922238498898 0.43032097817020115 0.16052230728721867 0.24834085893297206
1 0.2395472058168562 0.6257424061606324 0.12050414046420141 0.18262391854680973
2 0.3069935103999898 0.7436869630981039 0.10701488266753648 0.15011144123535825
0 0.464593126519105 0.8408789162669144 0.08138524248875839 0.12589982263454347
0 0.3807348518000252 0.8218555914182883 0.08812987584418046 0.13212563803954835
0 0.5504747912448115 0.8357076490345929 0.08678094917309608 0.13904321071177592
0 0.6332089604046542 0.8118420233154074 0.08947880251526484 0.13973496797899884
0 0.6979574406167052 0.7322899375847893 0.10476663812088788 0.19369203482237446
0 0.7614648003299095 0.6095030226527485 0.12275232706867996 0.1999178502273792
2 0.862634300661239 0.19686981275436857 0.12904731820040694 0.24073152899352251
1 0.7960872727255857 0.4113145655934252 0.15872374730662056 0.26010073247575954
