5 0.13860294117647062 0.1213235294117647 0.19914215686274514 0.23529411764705885
0 0.1856005216356234 0.35110276407880264 0.1704656233954202 0.2708336875286696
2 0.23777572219430732 0.5551471600221969 0.13143379732979102 0.21568647690713866
2 0.28517154766775454 0.7046568796115422 0.08921572819390305 0.15931375922308508
0 0.34770220588235307 0.8388480392156862 0.10275735294117645 0.1507352941176471
0 0.43731619481032263 0.8535539215686281 0.09718140922848878 0.1409313725490197
2 0.5340992647058824 0.8560049019607844 0.09319852941176471 0.15563725490196093
2 0.6257046568627451 0.8339460784313725 0.10275735294117652 0.14583333333333343
0 0.6938112745098036 0.7187499072345547 0.09080882352941169 0.15808842082500787
1 0.7455882352941176 0.585171568627451 0.1306372549019609 0.2340686274509804
1 0.7957720090442503 0.3731617647058822 0.17046578583306893 0.27083333333333315
4 0.8587009384727636 0.13909313725490194 0.18799027991721742 0.275735294117647
