1 0.0975796568627451 0.38786764705882354 0.10753676470588236 0.2879901960784314
1 0.04460782741748247 0.409313725490196 0.03664218830228997 0.20098039215686267
0 0.01433823529411765 0.4087009803921569 0.020710784313725493 0.1580882352941176
1 0.11032475490196081 0.6096813725490197 0.04221813725490195 0.15808823529411767
1 0.21746323529411768 0.38296568627450983 0.15453431372549015 0.2928921568627451
1 0.15971200980392158 0.6066176470588237 0.0581495098039216 0.17647058823529405
0 0.2290134803921569 0.5919117647058824 0.07248774509803926 0.1495098039215685
0 0.305484068627451 0.5845588235294117 0.08682598039215687 0.1715686274509804
1 0.3592524509803922 0.3805147058823529 0.13223039215686275 0.258578431372549
0 0.39788602941176476 0.5686274509803922 0.10275735294117652 0.23039215686274517
2 0.510202205882353 0.3841910668386987 0.168075980392157 0.2683825722049563
2 0.6651348039215688 0.4332107843137255 0.1449754901960783 0.21446078431372542
2 0.5293198529411766 0.6102941176470589 0.13939950980392163 0.2573529411764707
2 0.6699142156862747 0.6004901960784313 0.13223039215686272 0.1764705882352942
2 0.7913909313725491 0.4540441176470588 0.12665441176470593 0.14583333333333337
1 0.8280330882352942 0.5698529411764706 0.1648897058823529 0.10294117647058819
2 0.9228247549019608 0.44117647058823534 0.1282475490196079 0.1495098039215687
1 0.9710171568627451 0.5355392156862745 0.049387254901960775 0.0661764705882353
