6 0.17864585640377584 0.10629393839269406 0.14634478010158578 0.21258787678538812
3 0.19590909090909078 0.3034966630645576 0.14272727272727265 0.19021010934589852
1 0.22954545454545439 0.5013989495470832 0.15363636363636357 0.22797272426899096
6 0.3204545454545455 0.7615384615384615 0.0863636363636364 0.13006993006993015
6 0.7418181818181818 0.5566433566433565 0.1436363636363636 0.21258741258741246
5 0.8418181818181816 0.17762246465949805 0.14545454545454548 0.21538444131037454
1 0.2763636363636363 0.6664335664335662 0.11454545454545449 0.17762237762237754
1 0.3413530160219029 0.885846201072923 0.08941267052051821 0.12896097879834723
0 0.3938208678204022 0.8805920532578546 0.07140595215180276 0.11463162887245928
0 0.4469096409419599 0.9145039101326239 0.06705950289038867 0.1079447838548991
0 0.5127273134494297 0.9121158502769863 0.06333399947843553 0.11272129988300005
0 0.5800972647381486 0.8915775843581321 0.08009885067463095 0.11558689244639667
0 0.6263559033060556 0.8466801963830854 0.08444529993604491 0.14424479966451118
2 0.7011769227346829 0.8261419700959115 0.10990307418147027 0.14328965498562207
1 0.6782028337814952 0.680941966304988 0.12480518593489003 0.15284217182994575
3 0.7811252336216477 0.36666025047966194 0.16454415061067607 0.2006053505268039
