0 0.05640525048868671 0.3710529427409874 0.015827406274056894 0.10957435112808618
0 0.06926500092656124 0.36877014375915224 0.01879507927003618 0.12783674298276718
1 0.10388052876495141 0.40802211771255087 0.07398320585211175 0.19229916519340598
1 0.18208649773564098 0.41269966497401156 0.10742762356441013 0.27025828621775944
1 0.30437836973766735 0.45713627454515593 0.14796636147405742 0.2479101836829197
1 0.4391696908259457 0.48494178378991193 0.12364311738879835 0.18502298056446592
0 0.1319198142396719 0.5371743948762302 0.02533671433291497 0.06808429902793563
0 0.18749169276092625 0.5501675817136225 0.03243095081332059 0.07328157376289261
0 0.24593504045816142 0.5548451289750838 0.05405165724355193 0.11070195185458231
0 0.3344446291944773 0.5652397249396209 0.07499667442542828 0.1283727789426824
0 0.4167044950620084 0.5842097312275903 0.08344224586973333 0.13512914310887972
0 0.5231186952602513 0.5623811773407712 0.11384630306923142 0.17358897614756097
0 0.5476108524487359 0.47012955079528596 0.08310442301196126 0.082636668285815
1 0.6423701640538378 0.5023526541520189 0.10708984591378737 0.163714154151143
1 0.6193982097253283 0.5836900037540947 0.08952305730963303 0.1247345936389661
0 0.7111171156104805 0.4974152431538098 0.07229409156325076 0.10914276943409519
0 0.7035161013106059 0.5714764081269459 0.07601014299874492 0.0670448440809443
1 0.7943904500513276 0.4571363639578937 0.10100903447388773 0.11589922658953924
1 0.7825666500293 0.5353553880605998 0.1124950116381425 0.08731429423048485
