0 0.13740808823529413 0.3474264705882353 0.05177696078431374 0.2144607843137255
0 0.19794730392156865 0.3737745098039216 0.08204656862745101 0.22058823529411764
0 0.14417892156862747 0.5306372549019608 0.02708333333333336 0.13970588235294115
1 0.19316789215686278 0.5428921568627451 0.05814950980392155 0.13725490196078438
1 0.29592524509803925 0.380514705882353 0.11390931372549015 0.2389705882352941
1 0.25291053921568635 0.5704656862745098 0.056556372549019615 0.16789215686274508
0 0.3397365196078432 0.5631127450980392 0.10594362745098039 0.2267156862745099
1 0.4277573529411765 0.4099264705882353 0.14019607843137252 0.2512254901960784
1 0.5607843137254901 0.4405637929559743 0.13860294117647065 0.22181359055863947
0 0.4655943627450981 0.5575980392156863 0.12346813725490194 0.18382352941176472
0 0.5970281862745099 0.5876225490196078 0.13143382352941174 0.16544117647058826
1 0.6878370098039213 0.4191176976581573 0.12028186274509803 0.24019597723270522
1 0.8033394607843138 0.41727941176470584 0.13462009803921574 0.1948529411764706
0 0.7611213235294119 0.5821078431372548 0.18878676470588232 0.1691176470588234
