3 0.16623571404223825 0.5846456692913385 0.14557920519675302 0.1745406824146982
3 0.1529565297844263 0.44356955380577434 0.17607214682580263 0.2047244094488189
3 0.833145856767904 0.4324146981627297 0.17312121699073343 0.2270341207349082
5 0.79281648235529 0.5623359580052493 0.16918664387730759 0.1771653543307086
5 0.8852789505207957 0.2782152230971128 0.15541563798031743 0.20734908136482924
5 0.1303327343822282 0.2913385826771654 0.14656284847510948 0.2020997375328084
2 0.18099036321758483 0.7040682414698164 0.12984091274304996 0.12204724409448822
3 0.7485525348292503 0.6824146981627297 0.1396773455266144 0.18897637795275593
2 0.226237954021981 0.8011811023622046 0.12197176651619845 0.12204724409448803
2 0.6723201807566263 0.7985564304461943 0.1308245560214064 0.18503937007874016
1 0.5783822476735863 0.875984251968504 0.12787362618633716 0.11942257217847768
