4 0.11470588235294121 0.7156861564446919 0.1975490196078432 0.31617670671845927
0 0.08841911764705884 0.931985294117647 0.09558823529411767 0.08946078431372556
1 0.1752450980392157 0.5122549019607843 0.15294117647058825 0.16666666666666663
1 0.22383576852171166 0.37990196078431376 0.1338235609957925 0.19607843137254904
1 0.28955267239041055 0.23897047017018203 0.12824759639564942 0.17892180475767483
0 0.3811580882352942 0.17647058823529413 0.10435049019607845 0.15686274509803919
0 0.4827205882352942 0.15257352941176472 0.10196078431372556 0.15808823529411767
0 0.5806985096717474 0.16115196078431368 0.10355388208859298 0.1556372549019608
0 0.6671262254901962 0.19852931899926077 0.10594362745098036 0.15441195023677268
0 0.7511642156862748 0.28063711153718196 0.12426470588235286 0.1813728357491655
0 0.7870098039215688 0.457107843137255 0.14178921568627445 0.1936274509803922
0 0.8121017156862745 0.6409313725490197 0.16966911764705883 0.1789215686274509
4 0.8356004901960784 0.852328431372549 0.18958333333333344 0.2659313725490196
