4 0.14457720588235295 0.13357835547354846 0.1601102941176471 0.23529426944506
4 0.18321080800174636 0.35723039215686286 0.16250004737604168 0.2585784313725491
5 0.8284313468869974 0.14705882352941174 0.15612750230443717 0.2352941176470588
3 0.7949754901960785 0.3609068627450981 0.1545343137254902 0.25612745098039214
2 0.2186580882352941 0.5392156862745098 0.11709558823529413 0.1642156862745098
1 0.2465379763780664 0.6825981572807984 0.11390934136151448 0.16911788318904755
0 0.3058823430711679 0.8045343643248235 0.10196080405374307 0.16299029727709916
0 0.3731924019607844 0.8553921568627451 0.09319852941176471 0.1274509803921569
1 0.45782721576057184 0.8732005283616497 0.08361116650748307 0.13320615145694575
0 0.5408809607394354 0.8646250250489714 0.08398276244216894 0.12405894792342168
0 0.6083272942936548 0.8640533248281261 0.08138152643732291 0.1412099545487794
0 0.6813477050011159 0.8126003049520526 0.09364449617445374 0.15493075984906568
2 0.757898364572296 0.542472001746752 0.11965685622291308 0.16236276043188227
2 0.730957011003576 0.6885413373578269 0.11259631981824575 0.16407811288068552
