0 0.07806372549019609 0.4938725490196078 0.03026960784313727 0.1642156862745098
0 0.1059436274509804 0.4981617647058823 0.02549019607843135 0.17769607843137258
0 0.15772058823529414 0.5055147058823529 0.09558823529411767 0.21446078431372556
0 0.2700367647058824 0.4957107843137254 0.12904411764705884 0.22671568627450975
0 0.3807598039215687 0.5196078431372549 0.10355392156862749 0.1642156862745098
0 0.48988970588235303 0.4577205882352942 0.12426470588235297 0.20220588235294115
1 0.5935422605312031 0.45556454540018587 0.09319857000219443 0.17734140850619995
0 0.6585360001379965 0.48040491999591256 0.06867263052793277 0.11005229251271281
1 0.7335444983634468 0.4546212400357912 0.10341771144980343 0.11256777348443187
3 0.6979818587754422 0.5398331579527766 0.11649826720339371 0.11445438421322109
0 0.12795817617813504 0.6190708085619305 0.024525939474261696 0.047794138462663935
0 0.15759368637620125 0.6404523968215433 0.03474508092187072 0.06414476477883824
0 0.21522964414071624 0.6316482134205262 0.05518336381708881 0.07797991012329347
0 0.299639752497967 0.6203285490477901 0.05722719210661072 0.08804183401017013
0 0.39202079118435207 0.607751196120112 0.08747585079153333 0.1408670382781081
0 0.4909420803972075 0.5851118890125221 0.11036672763417764 0.13583611961043418
0 0.5951773231628205 0.5693900593704773 0.09565116394962069 0.09936149838290646
2 0.8160554539430371 0.3999095289008997 0.0637674426330804 0.10753681154099361
2 0.8009311246005741 0.48637926952769844 0.08911091342315068 0.08175329602877829
