1 0.7535539215686274 0.3774509803921569 0.14975490196078425 0.30147058823529416
1 0.5970281862745099 0.4178921062634116 0.17444852941176478 0.29901970904180486
0 0.43253679352546526 0.4301470335238624 0.15294111883142275 0.23284318785423555
1 0.28437500000000004 0.4209558823529412 0.14656862745098043 0.2340686274509804
0 0.142984068627451 0.4185049019607843 0.13939950980392157 0.20955882352941177
1 0.041819852941176475 0.4087009803921569 0.07567401960784315 0.13357843137254896
1 0.055361519607843135 0.539828431372549 0.10435049019607844 0.13112745098039214
2 0.15692401960784325 0.5710785410044386 0.13541666666666674 0.1838237486755441
2 0.26485906862745096 0.6213236474768766 0.1553308823529412 0.18872572632630252
1 0.4070465476677545 0.6219363925749161 0.13382357133115805 0.2193629812282632
0 0.5352941176470589 0.5980392156862746 0.11311274509803923 0.15196078431372548
0 0.642034311105528 0.5912990196078433 0.10036775709723003 0.1629901960784313
0 0.7332414241885898 0.5882352941176471 0.08045343661247317 0.12990196078431368
1 0.8806066176470588 0.35661764705882354 0.09797794117647057 0.2647058823529412
0 0.9427389705882354 0.3290441176470588 0.019914215686274588 0.14828431372549022
0 0.9650428842969764 0.29595588235294124 0.021507368660948954 0.15808823529411772
0 0.8140931346349402 0.5484068627450981 0.07169118171051245 0.12377450980392161
0 0.8710477941176471 0.5386029411764706 0.040625 0.12132352941176464
0 0.9068933928327896 0.5116421568627451 0.034252471940088645 0.13602941176470595
