1 0.13183210784313726 0.4252450980392157 0.07408088235294116 0.07107843137254903
1 0.15294117647058825 0.5 0.08762254901960788 0.0735294117647058
2 0.21587009803921572 0.4522058823529412 0.0892156862745098 0.09558823529411761
1 0.3018995098039216 0.4607843137254901 0.08602941176470594 0.14705882352941174
2 0.2433517156862746 0.5569854037495368 0.12187500000000001 0.1311276702441716
1 0.387530637254902 0.4638480392156862 0.09479166666666672 0.15318627450980388
1 0.346905637254902 0.5723039215686274 0.08841911764705884 0.12254901960784309
1 0.44090073529411766 0.5882352941176471 0.09479166666666665 0.1642156862745098
1 0.4875000000000002 0.4656863588420269 0.10833333333333331 0.20098056082130847
0 0.534497549019608 0.6090686274509803 0.10514705882352943 0.17892156862745082
1 0.5966299078827898 0.45649517393821626 0.10992648243224554 0.19240211258231496
1 0.709344362745098 0.4436274509803922 0.11868872549019613 0.2132352941176471
1 0.8192708333333334 0.4350490196078431 0.10275735294117652 0.22303921568627444
0 0.6300858001057396 0.5753676470588234 0.07487748256441983 0.14093137254901972
1 0.7013786764705884 0.5784313725490197 0.06770833333333329 0.12254901960784309
1 0.7690870098039216 0.6041666666666667 0.07726715686274503 0.14460784313725497
1 0.8260416587706597 0.6035539215686274 0.043014690090339064 0.11887254901960788
1 0.8849877450980392 0.4362745098039216 0.05416666666666672 0.18627450980392163
1 0.9307904411764707 0.43259803921568635 0.04699754901960787 0.17892156862745104
1 0.871844362745098 0.5943627450980392 0.05974264705882362 0.1495098039215685
1 0.9037071078431373 0.5894607843137255 0.015134803921568647 0.11029411764705892
