1 0.05376838235294118 0.3768382352941177 0.03903186274509804 0.19730392156862742
2 0.09598651960784316 0.39950980392156865 0.05177696078431373 0.23529411764705885
3 0.1302389705882353 0.41727941176470595 0.056556372549019615 0.22426470588235298
3 0.19157475490196077 0.4007352941176471 0.056556372549019615 0.23529411764705888
1 0.26286764705882354 0.36887254901960786 0.0764705882352941 0.24019607843137256
1 0.07567401960784316 0.5582107843137255 0.043014705882352955 0.1482843137254902
2 0.12864583333333335 0.6029411764705882 0.0613357843137255 0.19117647058823523
1 0.18400735294117648 0.6256127450980392 0.05894607843137258 0.2365196078431373
2 0.23976715686274513 0.5808823529411764 0.06213235294117645 0.2083333333333333
2 0.30349264705882356 0.6078431372549019 0.0748774509803922 0.2696078431372549
1 0.34929534313725497 0.37009803921568624 0.09957107843137254 0.19362745098039225
1 0.44607843137254904 0.38848039215686275 0.13541666666666663 0.22549019607843138
3 0.38275122549019613 0.5845588235294117 0.08682598039215683 0.21323529411764697
3 0.46360296289048963 0.5943628631631511 0.07009808264372427 0.1936276871106159
3 0.5368872746419777 0.5949755745283016 0.07806376497023085 0.21200997258601442
1 0.5771139705882354 0.38357843137254904 0.12506127450980395 0.23039215686274508
2 0.6022058882749466 0.588235294117647 0.07169118831459868 0.21323529411764702
3 0.6882353000396523 0.3792892156862746 0.09877452164793206 0.1924019607843138
2 0.7814338235294119 0.3737745098039216 0.09558823529411768 0.23529411764705885
3 0.6842524351883783 0.5845588235294119 0.09399512962324347 0.2352941176470587
2 0.7495711218594109 0.5704656862745097 0.06531871430705671 0.21691176470588233
2 0.853921568627451 0.4050245098039216 0.05894607843137265 0.23406862745098045
3 0.9064950980392158 0.40134803921568624 0.0430147058823529 0.20710784313725486
3 0.8081188725490196 0.6084558823529411 0.09001225490196091 0.19975490196078446
3 0.9351715686274511 0.3627450980392157 0.015931372549019614 0.1568627450980392
2 0.8837928921568629 0.5741421568627451 0.06292892156862763 0.1311274509803922
2 0.930392156862745 0.5042892156862745 0.028676470588235362 0.1384803921568627
2 0.955484068627451 0.33700980392156865 0.029473039215686184 0.1764705882352941
