4 0.12346813725490197 0.07291666666666666 0.15134803921568626 0.13848039215686275
3 0.15453436350476957 0.2555147058823527 0.16568637406836267 0.24387254901960756
2 0.2059130006759268 0.45894607843137236 0.13780639350871618 0.23651960784313722
2 0.25689338235294124 0.6341911764705882 0.1107230392156863 0.19240196078431368
2 0.3178308823529412 0.7591911764705881 0.09399509803921567 0.1801470588235294
2 0.4050551470588236 0.8118872549019608 0.09160539215686278 0.15073529411764697
1 0.5727328562370654 0.8229166666666669 0.0780637516898167 0.15808823529411772
2 0.6535845588235296 0.7922794117647058 0.08045343137254904 0.16544117647058826
2 0.733639705882353 0.7328431372549019 0.1019607843137254 0.17892156862745082
1 0.48909313725490206 0.8296568627450981 0.07806372549019606 0.15196078431372556
4 0.8921568627450981 0.06372563356085728 0.1433823529411765 0.12254930633740084
2 0.7850183823529413 0.5906862745098039 0.11550245098039227 0.19117647058823523
2 0.8340073424613287 0.4258578094043656 0.1370098668006582 0.22916666666666646
2 0.8670649509803923 0.22426470588235298 0.15533088235294115 0.23284313725490197
