2 0.4170036764705883 0.14276960784313725 0.11868872549019606 0.16299019607843135
2 0.5340992647058824 0.16115196078431374 0.12028186274509814 0.1433823529411765
2 0.6388480392156857 0.19852931056603842 0.09718137254901953 0.1250002023973348
2 0.3345588235294118 0.21813725490196081 0.10992647058823536 0.1372549019607843
1 0.2365808823529412 0.44607843137254904 0.11311274509803923 0.14460784313725497
1 0.22303921568627452 0.5857843137254902 0.1290441176470588 0.14215686274509806
2 0.19914215686274514 0.7549019607843137 0.16409313725490202 0.23774509803921567
2 0.14935661764705885 0.90625 0.14577205882352942 0.17769607843137267
1 0.2624693627450981 0.2959558823529412 0.11231617647058827 0.17034313725490194
1 0.7057598039215688 0.2959558823529412 0.10196078431372556 0.15318627450980393
1 0.7467831118149527 0.4473039215686272 0.11868877264951347 0.14460784313725483
1 0.775061274509804 0.5778186274509803 0.1162990196078431 0.15073529411764702
3 0.8065257352941176 0.7408088235294117 0.1505514705882355 0.23897058823529413
2 0.8535232843137257 0.8884803921568627 0.1441789215686275 0.19852941176470595
