6 0.849731915806244 0.37335958005249326 0.17506051043230536 0.20603674540682396
6 0.1455559300223659 0.3733595800524935 0.1947302307055976 0.19816272965879267
6 0.10818346150310978 0.1863517060367454 0.17899445448696344 0.23884514435695536
6 0.9052988755782957 0.17257217847769024 0.16030822022733507 0.2611548556430445
6 0.8290787095192867 0.16732283464566927 0.007867888109317107 0.009186351706036752
3 0.8167851343484788 0.49409448818897644 0.13867152792671347 0.1482939632545932
1 0.1775192254664665 0.5334645669291338 0.16424216428199392 0.13517060367454065
1 0.21833389503354883 0.6587926509186355 0.14948987407702446 0.152230971128609
1 0.25914856460063107 0.7086614173228344 0.08556328318882331 0.14435695538057727
1 0.34422010478262194 0.7526246719160105 0.11408437758509755 0.10629921259842505
1 0.4597797113882166 0.7788713910761155 0.1071999754894452 0.12729658792650908
1 0.5659962008639972 0.8005249343832022 0.09933208738012801 0.11023622047244089
1 0.626480590704372 0.7421259842519684 0.11408437758509755 0.15879265091863515
1 0.7248291920708354 0.7139107611548556 0.0885137412298171 0.1968503937007874
1 0.7730200067404027 0.6272965879265092 0.13178712583106106 0.18897637795275593
