4 0.10036764705882355 0.8621323529411765 0.17683823529411768 0.22181372549019598
3 0.12864583333333335 0.6311274509803921 0.17126225490196081 0.2475490196078431
1 0.17882965686274513 0.44607843137254904 0.15692401960784316 0.1642156862745098
1 0.21945465686274512 0.29901960784313725 0.12346813725490198 0.16911764705882354
0 0.29074754901960786 0.18566176470588236 0.10833333333333339 0.15318627450980393
1 0.36044730392156865 0.11703431372549021 0.09797794117647055 0.1360294117647059
1 0.44806986080106287 0.08149509803921567 0.08523285885702733 0.14093137254901963
1 0.5368872549019609 0.0821078431372549 0.08443627450980394 0.12745098039215688
1 0.6296875000000001 0.09436274509803923 0.09797794117647057 0.13970588235294118
1 0.693811274509804 0.14950980392156865 0.10514705882352927 0.1519607843137255
0 0.7710784313725492 0.26286764705882354 0.1242647058823529 0.1654411764705882
1 0.8109068706049842 0.41421568627450966 0.1306372706217329 0.17156862745098034
3 0.8590992647058825 0.602328431372549 0.16966911764705883 0.2414215686274509
4 0.8885721493438054 0.8229169196633354 0.1776351130770934 0.24387345980761466
