6 0.8599883852029302 0.40682414698162733 0.17908224955026683 0.2545931758530184
6 0.14513533960804598 0.3825459317585302 0.20958527007805963 0.17454068241469817
4 0.13726359237506722 0.19947506561679793 0.1702265339131658 0.2414698162729659
5 0.8875395005183557 0.1929133858267717 0.17121050231728815 0.22047244094488191
3 0.799966312551467 0.5557742782152231 0.14759526061835174 0.17191601049868774
3 0.20023757023889735 0.5406824146981627 0.16038684987194238 0.15485564304461946
2 0.2086013016739373 0.6994750656167977 0.1436593870018625 0.15748031496062978
1 0.41917054015611915 0.8891076115485567 0.09446096679574509 0.16929133858267703
1 0.5229792067910267 0.8923884514435696 0.10331668243284625 0.17060367454068243
1 0.6356435890630352 0.8805774278215224 0.11217239806994733 0.14960629921259852
2 0.7035374089474772 0.821522309711286 0.12988382934414971 0.2230971128608924
2 0.777335039256653 0.7211286089238845 0.1515311342348413 0.20078740157480313
1 0.2568157534759322 0.8228346456692912 0.12594795572766027 0.17585301837270337
1 0.3330733047954139 0.8602362204724409 0.09544493519986752 0.17979002624671905
