1 0.10674019607843138 0.8223039215686273 0.1545343137254902 0.24754901960784323
1 0.1509497549019608 0.64828431372549 0.13780637254901962 0.1617647058823529
1 0.1971507352941176 0.5196078431372549 0.13462009803921568 0.16911764705882348
0 0.2525122549019608 0.3848039215686274 0.10674019607843138 0.16666666666666669
0 0.31982230392156863 0.2818627450980392 0.09957107843137251 0.11764705882352942
0 0.42935049019607846 0.22487745098039216 0.12267156862745096 0.12377450980392155
0 0.5751225490196079 0.22303921568627452 0.1306372549019607 0.13725490196078433
0 0.6898284313725489 0.2714458929004823 0.10514705882352934 0.10906899851276101
0 0.7647058823529413 0.3768382352941177 0.11151960784313729 0.16053921568627452
1 0.8093137254901961 0.5055147058823529 0.13700980392156878 0.170343137254902
1 0.8547181372549021 0.633578431372549 0.12585784313725484 0.15196078431372542
2 0.8762254901960784 0.786764705882353 0.1545343137254902 0.2426470588235294
