0 0.021905637254901963 0.34068627450980393 0.027879901960784315 0.1519607843137255
0 0.0645220588235294 0.35171568627450983 0.04779411764705882 0.18382352941176464
0 0.11908702164793197 0.3670343137254901 0.07567404329586394 0.23406862745098034
0 0.04341299019607844 0.47242647058823534 0.040625000000000015 0.08700980392156872
0 0.0924019548623085 0.5147058823529408 0.07487746282440255 0.14950980392156854
0 0.1999387254901961 0.3805147058823529 0.08762254901960785 0.25612745098039214
1 0.1605085784313726 0.5343137254901961 0.10275735294117648 0.2009803921568627
0 0.23897058823529416 0.5551470588235293 0.08762254901960788 0.22303921568627444
1 0.32938112745098047 0.5680147058823529 0.09638480392156865 0.16544117647058826
1 0.4201899509803922 0.4160539215686274 0.1521446078431373 0.2340686274509803
0 0.4205882352941177 0.5900735294117647 0.07806372549019613 0.14093137254901947
0 0.5133884803921569 0.5582107843137254 0.08045343137254911 0.204656862745098
0 0.5818933902489482 0.4050245098039216 0.1489583491253474 0.24387254901960775
0 0.6077818745891086 0.5710784313725489 0.10036767074684412 0.16911764705882354
0 0.7085477941176471 0.39583333333333337 0.10275735294117652 0.23774509803921565
0 0.7017769607843138 0.5808823529411764 0.08762254901960788 0.17892156862745096
0 0.7993566176470588 0.38419117647058826 0.08523284313725484 0.2438725490196078
0 0.7969669117647061 0.5582107843137255 0.09160539215686285 0.16299019607843135
0 0.8750306372549019 0.38357843137254904 0.06770833333333329 0.2107843137254902
0 0.8686580882352942 0.5392156862745098 0.0868259803921569 0.1568627450980392
0 0.9355698529411766 0.369485294117647 0.05177696078431367 0.1727941176470588
1 0.28716299019607855 0.4025735294117647 0.10753676470588239 0.21446078431372545
1 0.9789628241963766 0.36364155732717257 0.03654634120734106 0.1464687881791483
1 0.9476374638948779 0.5056216990149808 0.07524237747567164 0.12804202181867383
