0 0.0852328431372549 0.3725490196078431 0.06691176470588235 0.0784313725490196
0 0.09757965686274511 0.46875 0.08682598039215687 0.10171568627450987
0 0.16369485294117644 0.40625 0.10435049019607845 0.1360294117647058
2 0.20790444729673702 0.5533090090603022 0.13541659560260422 0.18504939066962364
0 0.2572916666666667 0.4387254901960784 0.09080882352941178 0.1568627450980392
1 0.3106617647058824 0.5955882352941176 0.09718137254901965 0.18137254901960786
0 0.35646446078431376 0.44056372549019607 0.1107230392156863 0.1899509803921569
1 0.4767463235294118 0.4356619418035504 0.13780637254901965 0.26348074635219887
1 0.41939338235294116 0.6102941176470589 0.1314338235294118 0.21568627450980393
0 0.5221507352941177 0.6311274509803921 0.13939950980392163 0.24509803921568626
0 0.6081801470588236 0.45036764705882354 0.11868872549019606 0.1973039215686275
1 0.7296568627450981 0.4215686274509804 0.1274509803921569 0.2450980392156862
1 0.8427696078431373 0.43198535315020287 0.12267156862745095 0.2218138435553084
0 0.6241115196078433 0.5962009803921569 0.07567401960784316 0.13848039215686278
0 0.6989889705882354 0.5729166666666667 0.06770833333333343 0.10416666666666664
0 0.7734681372549018 0.5870098039215687 0.07647058823529405 0.125
0 0.8475489998678261 0.5906862745098039 0.06213231346114181 0.11029411764705889
0 0.9280024509803922 0.4546568627450981 0.04779411764705884 0.09313725490196084
0 0.917248774509804 0.571078431372549 0.06930147058823537 0.13725490196078433
