0 0.5014399509803922 0.23590686274509806 0.15692401960784308 0.10906862745098042
0 0.4835171351487261 0.3247549019607841 0.1736520042123519 0.12990196078431354
1 0.4325367647058825 0.8370098039215685 0.1529411764705882 0.1642156862745098
0 0.5472426470588235 0.8370098039215685 0.11470588235294116 0.15441176470588247
1 0.4428921568627452 0.6403186274509803 0.17683823529411768 0.2340686274509804
1 0.4711703431372548 0.47426466371624143 0.1569240196078431 0.1642157706067325
0 0.5747242647058824 0.3731617647058823 0.10594362745098039 0.07720588235294117
0 0.5667585784313727 0.431985294117647 0.11709558823529413 0.1090686274509804
0 0.5655637353602048 0.5355392156862745 0.11629903934786062 0.12745098039215683
1 0.5611825980392157 0.6715685515519797 0.14258578431372557 0.1764707400332951
