0 0.17045454545454547 0.39860139860139854 0.08636363636363636 0.13426573426573427
0 0.12 0.46223776223776214 0.02545454545454545 0.06573426573426566
0 0.1640909090909091 0.5167832167832167 0.05363636363636367 0.11048951048951046
0 0.2549999712727169 0.4125874125874124 0.12272721527270662 0.2293706293706293
1 0.38272727272727264 0.4125872675255449 0.14727272727272725 0.2377625278859722
1 0.4886363384999909 0.45874125874125865 0.10999994972725496 0.2069930069930068
0 0.23454545454545453 0.5545454545454545 0.05454545454545457 0.06293706293706293
0 0.30181818181818193 0.5608390738020402 0.0709090909090909 0.09790192382785684
0 0.3813636363636364 0.5902097902097901 0.0881818181818182 0.1510489510489509
0 0.4481818181818182 0.5727272727272726 0.054545454545454536 0.09090909090909087
1 0.595 0.47482517482517467 0.10454545454545446 0.22517482517482512
1 0.6740909090909091 0.472027972027972 0.08090909090909086 0.16363636363636366
0 0.5231818181818182 0.5692307692307692 0.07545454545454547 0.13986013986013993
0 0.6173083554807868 0.6202065874788656 0.10644857256931431 0.18790784076375813
4 0.763622068998204 0.43327741999225017 0.10644850221149368 0.1154850437721997
0 0.6904652298289503 0.5647476816877204 0.04325795707399337 0.07959986067914329
1 0.7485666035459808 0.5229903777248912 0.08057854749077223 0.11874733314429563
4 0.818330661768254 0.44502162112833693 0.05979776419052039 0.13114411396517847
