5 0.09345190365394643 0.30774278215223094 0.15542527134024772 0.1771653543307086
5 0.12886525661754716 0.48359580052493434 0.15936008833620335 0.19553805774278207
5 0.8420508371345068 0.295275590551181 0.1357511863604695 0.19685039370078738
5 0.8287708297731564 0.4776902887139107 0.1800178775649705 0.18897637795275585
3 0.7948330331830391 0.6122047244094487 0.14755563734833643 0.1482939632545933
3 0.18395269456092614 0.5990813648293963 0.141653411854403 0.11679790026246721
3 0.19821640617126535 0.7263779527559054 0.11115858013574682 0.16404199475065626
3 0.7756508003277552 0.7290026246719159 0.11312598863372472 0.1351706036745405
2 0.2596979217330722 0.8169291338582673 0.10230524189484665 0.14566929133858267
1 0.35856019875645756 0.8438320209973753 0.08558226966203514 0.15485564304461932
1 0.44807728541444836 0.8582677165354329 0.08951708665799074 0.15223097112860884
1 0.544972153939856 0.853018372703412 0.10624005889080217 0.14960629921259838
1 0.6320299799753745 0.8471128608923882 0.07574522717214599 0.1404199475065616
1 0.6974463125331369 0.7775590551181102 0.11804450987866914 0.13254593175853002
