6 0.11849036752842154 0.3156167979002625 0.1661815113054211 0.1745406824146981
6 0.9174399411121769 0.28018372703412076 0.1376651572944317 0.1456692913385827
5 0.8776153777520019 0.42913385826771666 0.1327485445339163 0.17060367454068237
5 0.8313992178031572 0.5570866141732284 0.17208144661803956 0.19816272965879264
5 0.14209010877889555 0.4698162729658793 0.1661815113054211 0.14435695538057736
3 0.17011480151383346 0.6003937007874013 0.18093134958696738 0.16666666666666713
3 0.7876413642345699 0.6607611548556431 0.13569851219022566 0.14304461942257218
2 0.21043102615005985 0.7125984251968503 0.1337318670860193 0.09711286089238853
2 0.7566667038433227 0.7677165354330708 0.11111544838764843 0.13123359580052493
2 0.2173142840147814 0.8484251968503937 0.11209877093975149 0.14829396325459313
1 0.33678797409530603 0.8825459317585301 0.09734893265820524 0.10629921259842519
2 0.42774531016484135 0.8877952755905512 0.0766991590640405 0.13254593175853033
1 0.5142776947499126 0.8832020997375324 0.09439896500189623 0.10498687664041995
1 0.6116266274081177 0.8589238845144352 0.09636561010610213 0.09317585301837235
1 0.6794758835032306 0.7979002624671915 0.08063244927245279 0.11811023622047244
