0 0.03425245098039215 0.4669117647058823 0.06372549019607843 0.24509803921568626
0 0.14059436274509807 0.4068627450980392 0.1680759803921569 0.2769607843137255
1 0.027827485110139785 0.6366421568627445 0.04949208860324977 0.1139705882352939
1 0.10076593137254904 0.6078431372549019 0.08363970588235298 0.12254901960784316
0 0.3094669117647059 0.41666666666666674 0.18560049019607847 0.28186274509803927
1 0.18918504901960786 0.5723039215686275 0.06292892156862744 0.10049019607843135
0 0.2780024509803922 0.5839460784313725 0.0732843137254902 0.09191176470588232
1 0.3879289215686274 0.6004901960784313 0.07965686274509806 0.10784313725490201
0 0.4480698529411765 0.4712009803921569 0.12346813725490201 0.2340686274509804
1 0.4739829112976624 0.5917889199387336 0.07725670934392426 0.1484133773314297
0 0.5596193166286261 0.4987161239851253 0.12589982263454338 0.2829916093184043
1 0.6569055432098643 0.48708202449092414 0.10627907105513394 0.2182179742966361
1 0.725373790908845 0.49620064301340605 0.08052683460715912 0.16727948461932335
1 0.5919118036030707 0.6188303403847145 0.10791413368675144 0.1874033323930766
0 0.6750956149866083 0.623546867206688 0.07153399013326321 0.10879455202685313
1 0.7539873869621502 0.5921033550601986 0.1091404306604646 0.13017614028646612
1 0.7983193298872183 0.47764897084697744 0.08992844473895957 0.15281546903193827
1 0.8402178098224156 0.5562577512132009 0.09197227302848134 0.08741296376724036
1 0.8712839998231471 0.43425692408482197 0.07480411539649837 0.1578464309753766
