3 0.041421568627450986 0.33884803921568635 0.017524509803921576 0.09926470588235294
3 0.055361519607843156 0.40625 0.039031862745098046 0.21691176470588236
3 0.09120710784313726 0.40747549019607837 0.043811274509803926 0.21200980392156862
2 0.1386029411764706 0.3731617647058823 0.062132352941176486 0.2340686274509804
1 0.20113357843137258 0.38357843137254904 0.10594362745098039 0.20098039215686275
1 0.06770833333333334 0.5631127450980392 0.02389705882352942 0.10416666666666671
1 0.09439336261292385 0.6176470588235291 0.039031902225132725 0.21323529411764697
1 0.1270526960784314 0.5716911764705882 0.04381127450980394 0.1776960784313725
3 0.28556985294117654 0.40012254901960786 0.12028186274509807 0.21446078431372548
2 0.17484681372549019 0.6029411764705883 0.06292892156862745 0.2475490196078431
2 0.2373774509803922 0.5857844317906022 0.08762254901960785 0.21813749103218505
2 0.3018995098039216 0.5912990196078431 0.07806372549019613 0.172794117647059
1 0.40306372549019615 0.39950980392156865 0.13223039215686277 0.2401960784313726
3 0.36801470588235297 0.6060049019607843 0.07647058823529412 0.2022058823529413
3 0.44209559810530263 0.5931372970680721 0.07169119621060561 0.21078439805771298
3 0.5293199022912194 0.6127453173029953 0.10594372615106698 0.2573533797040289
2 0.5233455882352942 0.39767156862745096 0.10355392156862742 0.19975490196078435
2 0.6308823529411766 0.38786764705882354 0.11629901960784317 0.22426470588235292
3 0.6109681372549022 0.6096812629171297 0.09399509803921578 0.2144610035775047
3 0.7224877450980394 0.41421568627450983 0.0732843137254902 0.2426470588235294
3 0.6954044394007304 0.607843137254902 0.08443632978185256 0.2034313725490195
3 0.7937806372549021 0.40012254901960786 0.06452205882352956 0.21446078431372548
3 0.7882046568627452 0.5833463249143265 0.1011642156862746 0.174045591005123
3 0.8483455882352942 0.38112745098039214 0.05416666666666657 0.18627450980392155
3 0.9037071078431373 0.35477941176470595 0.06133578431372541 0.15318627450980393
3 0.8782168999206955 0.5091911764705883 0.0756740432958636 0.18014705882352927
3 0.9396099366241171 0.41232499817843576 0.04309011358111988 0.12153621779290226
