5 0.1496062992125984 0.8711891782757926 0.1627296587926509 0.21199273167777094
5 0.16734880889807144 0.6820802012734274 0.16903239852481253 0.24140085109580944
5 0.8316410373258816 0.8860339329590593 0.1616246041671514 0.20099470005402142
5 0.8225496533414816 0.7057603360033906 0.16095116831645512 0.2279321340818805
3 0.8030200136712827 0.5327391251321448 0.14478870789974008 0.14504772168846902
2 0.7737255541659844 0.38665534828875747 0.13199342673650483 0.1595524938573159
4 0.1959175942684207 0.5045588604448902 0.1333402984379001 0.1450477216884694
3 0.23632374531020836 0.369353662728138 0.1306465550351141 0.16266065932206916
0 0.27740333220269286 0.2357025477437627 0.10101537760446978 0.15851643870239857
0 0.35518517295813473 0.15230010777289277 0.08283260963566522 0.13054294951962236
1 0.44845603827959524 0.11707423250569317 0.11852470972257784 0.14919194230813995
1 0.5696744914049581 0.10930381884381074 0.1239121965281493 0.14608377684338678
1 0.6619352029503736 0.15748038354748098 0.09024040399332632 0.12847083920978702
0 0.733656121049548 0.24450901656056243 0.10168881345516635 0.1533361629278103
