2 0.05615809347521825 0.4589460784313724 0.08363971636220122 0.0992647058823529
1 0.047794135986793336 0.57046568627451 0.08921572295397884 0.1409313725490196
1 0.18560049019607838 0.45649504743988173 0.17205882352941174 0.15808833649278467
1 0.1744485294117647 0.5833333333333333 0.17205882352941182 0.13970588235294115
1 0.3230085784313726 0.4558822854753981 0.11072303921568627 0.12990209571587033
0 0.31663602941176466 0.6011030339419158 0.12187500000000001 0.18014724435441987
0 0.42576593137254903 0.46017156862745096 0.12984068627450973 0.18504901960784317
2 0.5591911764705884 0.44178921568627444 0.13382352941176479 0.258578431372549
1 0.6910232843137254 0.457107843137255 0.12346813725490194 0.25490196078431376
0 0.43731617647058824 0.5698529411764706 0.11948529411764702 0.16176470588235298
2 0.552420343137255 0.5778186274509803 0.11550245098039212 0.17769607843137245
0 0.6492034313725492 0.5422794117647058 0.07965686274509792 0.1850490196078431
0 0.8790134803921569 0.42953431372549017 0.042218137254902074 0.1875
1 0.8041360398916133 0.4785539215686272 0.10594364841067709 0.2806372549019606
1 0.9315870098039217 0.3890931372549019 0.05814950980392155 0.22181372549019607
0 0.9148590686274511 0.5337009803921569 0.048590686274509805 0.10171568627450987
0 0.8746323450812903 0.5520833333333335 0.028676486308007648 0.06495098039215684
