1 0.017937219730941707 0.41652293894446374 0.0336322869955157 0.21559158330458789
3 0.08408071748878924 0.40272507761297 0.1188340807174888 0.2569851672990687
1 0.21188340807174888 0.4044498102794068 0.12556053811659196 0.2466367713004485
1 0.34697309417040356 0.4441186616074509 0.13340807174887892 0.22593997930320803
2 0.492152466367713 0.4406691962745775 0.14573991031390135 0.2569851672990686
0 0.05437220574751077 0.594170403587444 0.04372195621798298 0.12245601931700585
0 0.09024663677130045 0.6105553639185927 0.04147982062780268 0.14487754398068312
0 0.14181614349775784 0.628665056916178 0.05493273542600896 0.19834425664022085
0 0.21132286995515695 0.6122800965850295 0.07511210762331835 0.20696791997240432
0 0.2959641306233943 0.6209037599172127 0.0964125661795241 0.19661952397378396
1 0.4131165919282506 0.6260779579165229 0.12443946188340796 0.22076578130389787
2 0.5444594444408134 0.6446417626234994 0.13305420528877718 0.22339873738911656
2 0.6345291479820628 0.4622283546050363 0.12331838565022422 0.2242152466367714
2 0.6743273441343771 0.6398758192480167 0.11771302473572985 0.1931700586409108
2 0.7533632286995515 0.47688858226974823 0.10538116591928258 0.17764746464298029
2 0.8206277841267768 0.6407381855812343 0.1659193196388229 0.15695067264573978
2 0.8811659192825112 0.47602621593652983 0.14573991031390152 0.1690238013107969
1 0.9529147897681842 0.5933080372542257 0.08295965813179289 0.16212487064504993
