1 0.02270220588235294 0.4227941176470588 0.040625 0.05882352941176471
1 0.09638480392156865 0.4068627450980392 0.11151960784313728 0.13725490196078424
1 0.20551468614233567 0.3995097617554572 0.12426466640231829 0.19117655492045835
1 0.09001225490196081 0.4846813725490196 0.06850490196078432 0.050245098039215674
1 0.15254289215686273 0.508578431372549 0.05974264705882353 0.07598039215686271
1 0.2186581060013097 0.5202205207695154 0.07408091788497244 0.09681359055863956
1 0.31942401960784317 0.4240196078431373 0.1147058823529412 0.16421568627450975
1 0.2967218137254902 0.5386029411764706 0.08682598039215683 0.11397058823529406
1 0.4174019351222911 0.4191175964594896 0.10355387024458228 0.17892166982611818
1 0.3847426470588236 0.5477941176470589 0.09877450980392162 0.13725490196078433
1 0.509405637254902 0.4344362745098039 0.09957107843137251 0.1482843137254901
1 0.4815257352941177 0.5545343137254902 0.09479166666666657 0.17769607843137258
1 0.5862745098039217 0.44240196078431365 0.07647058823529412 0.1323529411764705
2 0.6695159313725492 0.4050245098039216 0.09638480392156858 0.13602941176470587
3 0.7495710784313724 0.37928926628560833 0.054166666666666696 0.11887265021827531
1 0.5619791666666667 0.5453431794210133 0.06611519607843147 0.13970596668516405
1 0.6563725490196081 0.5355394265168318 0.12267156862745102 0.1470592451905252
1 0.7499693627450984 0.4816177482574908 0.09001225490196081 0.12254922200517808
