1 0.04909071518174834 0.5839168527439808 0.09090870309076941 0.21118727353301614
0 0.08909090909090908 0.46713286713286706 0.07272727272727272 0.10909090909090907
4 0.1509090909090909 0.5398601398601398 0.1072727272727273 0.21258741258741268
0 0.2504545454545455 0.53006993006993 0.09545454545454543 0.15384615384615372
0 0.35227272727272735 0.5307692307692308 0.10090909090909089 0.1552447552447552
4 0.4581818181818182 0.5356643356643356 0.12 0.20979020979020988
0 0.5340909378181923 0.4503496503496502 0.08454551200002035 0.11748251748251748
0 0.5854545670000075 0.561538374501341 0.12727269854544423 0.213986013986014
0 0.6418181818181818 0.45874125874125865 0.1054545454545454 0.21818181818181814
0 0.7045454365909026 0.6209790209790209 0.13090905499998698 0.1762237762237763
1 0.7436363636363632 0.48251736646798854 0.13818181818181824 0.16783239993115576
0 0.8004545454545456 0.5783216783216782 0.10272727272727267 0.11048951048951046
2 0.8813636363636362 0.502097902097902 0.1536363636363636 0.07832167832167833
1 0.8936363636363636 0.4139860139860139 0.09636363636363626 0.08671328671328667
