4 0.14059436274509807 0.9074754395967449 0.14417892156862744 0.16053931688494236
4 0.1840073529411765 0.755514705882353 0.14656862745098043 0.21691176470588247
1 0.2210477941176471 0.6053921568627451 0.1346200980392157 0.13725490196078438
0 0.246139705882353 0.47303921568627444 0.13382352941176476 0.15196078431372556
0 0.26844362745098044 0.31495098039215685 0.10674019607843142 0.16421568627450978
0 0.34690563725490214 0.18995103099149055 0.09479166666666666 0.1544116635072149
0 0.4424938725490196 0.12193627450980393 0.11390931372549026 0.16299019607843138
0 0.5703431372549024 0.13112741724750296 0.11629901960784317 0.15931379295597425
0 0.6715073529411762 0.2071078094043658 0.09080882352941172 0.13480398903440577
0 0.734436274509804 0.33946078431372556 0.09558823529411768 0.15931372549019607
1 0.7495710784313726 0.48161764705882354 0.1242647058823529 0.15196078431372556
1 0.8226161427524002 0.5795658241344536 0.12365161151606915 0.14665265489924595
5 0.801033340529046 0.7559638701522478 0.14433510477803765 0.2061436656323837
4 0.8531918139636483 0.8865518081754662 0.10926306035783583 0.17017228773680046
