1 0.07965686274509806 0.4117647058823529 0.12107843137254905 0.1544117647058824
1 0.11988357843137251 0.5232844655234913 0.15214460784313721 0.10049049967443376
1 0.18719362745098042 0.4534313725490196 0.08602941176470588 0.12009803921568625
1 0.24295343137254896 0.5606618237384384 0.11470588235294117 0.14828443179060213
1 0.2799938725490197 0.44240196078431365 0.12187500000000004 0.21813725490196084
1 0.3648284313725491 0.5919117647058824 0.1354166666666667 0.16176470588235298
1 0.4074448529411765 0.4522058823529412 0.1362132352941177 0.2279411764705882
0 0.4954656862745099 0.5943628209970399 0.10992647058823532 0.14460799493525592
0 0.608578426132625 0.5833333333333331 0.08124998952015186 0.1225490196078431
0 0.7097426470588236 0.59375 0.05257352941176464 0.07720588235294117
1 0.5420649509803923 0.463235294117647 0.1282475490196079 0.22303921568627444
1 0.669117618239241 0.452205882352941 0.1338234717725989 0.26715686274509803
1 0.8069239829283742 0.42279411764705876 0.12904404428812083 0.267156862745098
0 0.7822303921568627 0.5790441176470589 0.06213235294117638 0.0992647058823529
1 0.9064950980392159 0.4215686274509804 0.0732843137254902 0.2450980392156862
0 0.857107843137255 0.5631127450980392 0.044607843137254834 0.08946078431372541
1 0.9578737745098042 0.4105392156862746 0.05177696078431367 0.21078431372549025
0 0.9132659313725492 0.5631127450980392 0.034252450980392125 0.07230392156862742
