4 0.10196078431372552 0.13602941176470587 0.16250000000000003 0.23284313725490194
4 0.14776350921173964 0.3658088235294116 0.15851721450191064 0.24877450980392143
2 0.19794730392156865 0.5410539215686275 0.12824754901960783 0.1482843137254902
1 0.23897058823529413 0.6838235294117646 0.10833333333333335 0.1666666666666667
0 0.31225490196078437 0.7843137254901962 0.09240196078431374 0.14215686274509792
0 0.385140931372549 0.8468137254901962 0.08841911764705877 0.11764705882352942
0 0.46439950980392164 0.8658088235294119 0.07806372549019613 0.12622549019607832
0 0.5396752450980393 0.8658088235294119 0.07567401960784316 0.12377450980392168
0 0.6201286764705882 0.8455882352941176 0.08363970588235298 0.1323529411764706
0 0.688235294117647 0.7867647058823529 0.09558823529411768 0.13480392156862733
1 0.7519607843137257 0.6917892156862746 0.10514705882352943 0.1801470588235294
1 0.7949754901960786 0.5379901960784313 0.13223039215686272 0.1715686274509804
0 0.8403798783811257 0.3584558823529412 0.15453436088480743 0.2536764705882353
1 0.8837928633372799 0.13480392156862733 0.16648290077642053 0.24509803921568613
