4 0.11151960784313726 0.06862745098039218 0.14019607843137258 0.1323529411764706
1 0.1684742647058824 0.5287990196078431 0.11390931372549024 0.20710784313725492
0 0.23936887254901962 0.6605392156862746 0.10275735294117648 0.19607843137254904
0 0.307077205882353 0.7696078431372549 0.09797794117647066 0.1666666666666667
0 0.37120098039215693 0.849264705882353 0.09080882352941173 0.1323529411764706
1 0.44050245098039226 0.8964460784313727 0.0748774509803922 0.11642156862745097
0 0.5157781862745099 0.8927696078431373 0.07408088235294116 0.13112745098039227
0 0.5934436274509804 0.8768382352941176 0.08284313725490193 0.1458333333333333
0 0.6611519607843138 0.8345588235294117 0.0892156862745098 0.14705882352941188
0 0.7332414215686276 0.7426470588235294 0.09957107843137251 0.16911764705882348
3 0.7830269686803207 0.6139705882352942 0.11470586656092735 0.18627450980392163
0 0.8348039215686275 0.4338235294117648 0.16568627450980386 0.2647058823529412
2 0.8583026960784315 0.20098039215686278 0.15533088235294115 0.25490196078431376
1 0.8933517156862746 0.045343137254901966 0.14895833333333341 0.08578431372549021
