1 0.20232844447235937 0.3664215180281174 0.13700977772194792 0.23284323845356952
0 0.3202205882352939 0.4466910668386986 0.10833333333333332 0.192402180048093
0 0.4416972855818341 0.425245022140215 0.16170346805201807 0.2720589753274125
0 0.607383578431372 0.4117646384165747 0.16329656862745087 0.274509938853125
0 0.09757965686274511 0.39828431372549017 0.07408088235294119 0.12990196078431382
0 0.04341299019607844 0.44730392156862747 0.08045343137254904 0.15931372549019607
0 0.1135110294117647 0.508578431372549 0.07408088235294119 0.07598039215686271
0 0.17922794117647062 0.5343137254901961 0.07806372549019606 0.13725490196078424
0 0.264859068627451 0.5091911764705883 0.08682598039215683 0.18259803921568626
0 0.5472426129993168 0.5514705882352939 0.09080889164842604 0.10784313725490184
0 0.7412071078431373 0.42769607843137253 0.11868872549019599 0.22549019607843135
0 0.4472732764538392 0.5723039215686273 0.05974266277859602 0.05637254901960787
0 0.8475489934082227 0.3921568627450979 0.09080877113017018 0.2254901960784313
0 0.9112745098039219 0.3872549019607843 0.05894607843137251 0.1642156862745098
0 0.9566789215686277 0.3602941176470588 0.05098039215686285 0.12254901960784313
0 0.9236213235294118 0.4509803921568627 0.03903186274509807 0.05147058823529413
0 0.8818014705882353 0.49754901960784315 0.05416666666666657 0.049019607843137296
0 0.8184742647058825 0.5067401960784313 0.0661151960784315 0.10171568627450987
0 0.7344362745098039 0.5471814484480201 0.07487745098039213 0.05024524983721665
0 0.36283700980392164 0.5508578431372548 0.029473039215686326 0.04779411764705877
0 0.14856004115972168 0.4209561184831645 0.058149441684907564 0.16789185326674208
