3 0.1541360294117647 0.8707107843137255 0.15373774509803922 0.24877450980392155
0 0.1517463235294118 0.6691176470588235 0.14577205882352945 0.1691176470588234
0 0.2007352941176471 0.5281862745098039 0.14178921568627456 0.17892156862745096
0 0.23857226724209973 0.3437499999999997 0.12187507335893816 0.18995098039215683
0 0.32818627450980387 0.22549015391231997 0.11151960784313725 0.16176479021457582
0 0.4397059242723341 0.1433822770421758 0.12904420148584497 0.21568642630780485
0 0.5767156862745099 0.14460784313725492 0.13223039215686286 0.18382352941176472
0 0.6703124999999994 0.2628675627266006 0.1107230392156863 0.14828448238993583
0 0.7834252450980392 0.2861519607843137 0.11072303921568633 0.16053921568627452
1 0.7806372549019608 0.5012254901960784 0.14656862745098054 0.18627450980392163
1 0.828431351589323 0.6537990196078431 0.1386029830958637 0.17524509803921562
2 0.8411764548684626 0.8339460784313724 0.15772061967483877 0.2144607843137253
