1 0.13063719464283313 0.42585784313725467 0.14656874796923575 0.2659313725490194
0 0.13621323529411766 0.5778186274509803 0.054166666666666675 0.06495098039215691
0 0.20113357843137258 0.5784313725490197 0.05655637254901958 0.11519607843137251
0 0.274816134551195 0.45159313725490174 0.1465685436121942 0.2512254901960783
0 0.4201899509803922 0.47242647058823534 0.13780637254901962 0.2193627450980393
0 0.27003676470588234 0.6170343137254902 0.07806372549019606 0.1409313725490197
0 0.3632352941176471 0.5968137254901961 0.09718137254901961 0.18382352941176477
0 0.48232230392156866 0.5986519607843137 0.13462009803921574 0.21200980392156865
0 0.5607843137254902 0.45036764705882354 0.13860294117647065 0.21446078431372556
0 0.6153492647058824 0.5882352941176471 0.13780637254901967 0.18872549019607845
0 0.6894301470588238 0.4522058823529412 0.12506127450980395 0.16911764705882348
0 0.7527573529411765 0.5557598039215687 0.11470588235294116 0.12867647058823536
0 0.7989583333333334 0.4234068627450981 0.11629901960784324 0.15563725490196084
0 0.9005208333333334 0.38602941176470584 0.10594362745098039 0.10784313725490194
3 0.8849877450980392 0.4810049019607843 0.14338235294117652 0.13602941176470595
0 0.9578737745098038 0.3872549019607843 0.05018382352941174 0.06372549019607845
