1 0.07607230392156863 0.4650735294117647 0.04540441176470589 0.17034313725490208
1 0.1553308823529412 0.4215686274509804 0.10992647058823529 0.2034313725490196
1 0.26167279411764705 0.41115196078431376 0.12506127450980395 0.22426470588235292
1 0.1318321078431373 0.5802696078431373 0.03903186274509803 0.13848039215686278
1 0.17484681372549024 0.5716911764705883 0.05655637254901963 0.11397058823529413
1 0.22025122549019613 0.5661764705882353 0.05177696078431371 0.10539215686274517
2 0.2696384803921569 0.5808823529411765 0.08045343137254904 0.16666666666666663
1 0.34770223154437546 0.5723039215686275 0.08523289446129993 0.16911764705882354
1 0.3779718137254902 0.41544117647058826 0.10753676470588239 0.18872549019607837
0 0.43961946586299794 0.5893870636831137 0.10609308268078763 0.20841954704154703
0 0.48776939125292734 0.41779667354850575 0.10772525968394481 0.20339738928150958
1 0.5927743411006418 0.448348052615339 0.10446085983646021 0.17744973546810322
1 0.5405439111824138 0.5864574716564253 0.09902021050206848 0.19419010005477488
1 0.6395641216844823 0.5935721951498114 0.09902021050206848 0.13810933840102513
1 0.6877140416813325 0.47806256666895325 0.08650663236162953 0.13810933840102513
2 0.7587148145413667 0.5994313792031885 0.13819304103035918 0.14982770650777874
2 0.7910868064362737 0.47136635632223756 0.12350322958225021 0.14313149616106252
2 0.8862899780498225 0.4759700009356051 0.06855245342450886 0.07700641898723831
1 0.8677916969670184 0.5768316692830205 0.07943379523792288 0.07616939269389875
