2 0.22423406862745096 0.4185049019607843 0.07408088235294116 0.09436274509803923
2 0.2612744762458922 0.510416666666667 0.08921575339056899 0.0870098039215687
1 0.28832719444017246 0.46020430886879615 0.055740771532412976 0.1103381426231354
1 0.34796981997985427 0.4627769598625999 0.07692226471472989 0.13835145344455313
0 0.3442537685443601 0.5476744426581212 0.08286794701152055 0.08289653202256282
1 0.4315809772784738 0.47421096427950515 0.09624573217929971 0.1646496636034351
0 0.4089130635219591 0.5776887042524974 0.08584078815991589 0.11777024549412381
2 0.5263402916462337 0.47078068820538505 0.09847539803427847 0.15893251189688562
1 0.49363904177654505 0.5908378093319382 0.07915190662666315 0.13377785167779085
1 0.5792940218393681 0.5945538607674327 0.08323955215506991 0.15264395896568467
2 0.6307681365287208 0.44929314461410896 0.11672712127116945 0.18566765052259038
2 0.7430437997853119 0.4462494126383287 0.10683499234988403 0.17653645459525003
1 0.6540146394937416 0.5984360114273373 0.07913703137028434 0.12935860897065724
1 0.7282056100804829 0.595392331815233 0.07221254847958308 0.1354461776495682
1 0.830844595446017 0.45804384262627174 0.06330962509622734 0.1468601306678037
1 0.881789054487839 0.44282518798373843 0.0494606348008299 0.17273184198920027
1 0.793254505545132 0.5874024830151342 0.06133119931197058 0.13316327394038247
1 0.8434570598206561 0.5881634160090792 0.04797682526823479 0.12555394400093206
1 0.8768429949299948 0.55962842873614 0.028687173871728363 0.07761516538239434
1 0.9087451107011408 0.44054241518374093 0.021268077180763782 0.11642274807359158
