0 0.5894607843137255 0.4087009803921569 0.19595588235294123 0.2708333333333333
0 0.3978860294117647 0.41544117647058826 0.18400735294117648 0.24019607843137256
2 0.2373774509803922 0.4424019607843138 0.14497549019607842 0.15931372549019612
1 0.10793504901960788 0.3805147058823529 0.11550245098039216 0.10661764705882355
1 0.08961397058823531 0.4920343137254901 0.16648284313725495 0.1482843137254902
1 0.2413602941176471 0.5833333333333333 0.13860294117647065 0.16911764705882348
2 0.3791666666666667 0.6035539215686274 0.1417892156862746 0.19240196078431368
0 0.5317095588235294 0.6262254901960784 0.14577205882352942 0.2279411764705884
0 0.7742647058823531 0.3651960784313726 0.16727941176470595 0.22794117647058829
1 0.912469362745098 0.35416666666666663 0.1091299019607844 0.2352941176470588
0 0.6679227941176472 0.6066176470588235 0.12187500000000014 0.2696078431372549
0 0.7858149509803926 0.5931373729670727 0.118688725490196 0.26715709887532174
0 0.8746323529411765 0.564338336492785 0.07169117647058826 0.25367667298557045
