0 0.02628676470588236 0.4056372549019608 0.04460784313725491 0.2450980392156863
1 0.07607230392156863 0.4080882352941177 0.0772671568627451 0.23039215686274508
1 0.04181985294117647 0.6311274509803922 0.07886029411764706 0.23039215686274508
1 0.17723651960784317 0.42585784313725483 0.15373774509803922 0.2781862745098039
0 0.13661151960784315 0.6390931372549019 0.1107230392156863 0.24142156862745082
1 0.24454654691343197 0.6403186274509802 0.11789211343470685 0.24632352941176458
1 0.3337622549019608 0.3897058823529412 0.16409313725490196 0.30392156862745096
0 0.36124387254901963 0.6176470588235294 0.11550245098039219 0.2598039215686274
1 0.47754289215686285 0.35110294117647056 0.13621323529411775 0.24387254901960786
0 0.5010416666666667 0.5882352941176471 0.14019607843137258 0.26470588235294124
1 0.6109681372549021 0.27022058823529416 0.16090686274509808 0.2536764705882353
0 0.6627450980392158 0.5772058823529411 0.15134803921568632 0.24019607843137245
1 0.7439950980392157 0.3118872549019608 0.1274509803921569 0.23897058823529413
2 0.8499387254901961 0.3431372549019608 0.0939950980392156 0.2107843137254902
1 0.7189032020665238 0.41176470588235303 0.18719365903500823 0.07843137254901965
0 0.7937806372549019 0.5637254901960784 0.13621323529411755 0.21568627450980393
0 0.9160539215686271 0.5189952751368834 0.14019607843137247 0.15563760909729688
0 0.9355698529411766 0.35049019607843135 0.08523284313725484 0.16666666666666669
0 0.966636029411765 0.4522058823529412 0.03584558823529406 0.07107843137254896
