1 0.42576593137254903 0.3762254901960784 0.1457720588235295 0.24754901960784317
1 0.3022977941176472 0.36642156862745096 0.09797794117647057 0.2058823529411765
1 0.2130821078431373 0.33946078431372556 0.08841911764705887 0.21568627450980393
2 0.1429840869671855 0.306985294117647 0.06452202214406041 0.18504901960784317
0 0.06930147058823531 0.25796568627450983 0.055759803921568644 0.12867647058823534
0 0.09518995098039218 0.3547794117647058 0.06292892156862746 0.07965686274509806
1 0.14577205882352945 0.4178921568627451 0.07009803921568629 0.08333333333333329
0 0.21029411764705885 0.46997549019607837 0.08762254901960788 0.10416666666666671
0 0.285171568627451 0.4981617647058823 0.06372549019607841 0.07230392156862742
0 0.3835477941176471 0.5055147058823529 0.06770833333333336 0.07230392156862742
0 0.486703431372549 0.4509803921568627 0.05575980392156872 0.1813725490196078
0 0.591850490196078 0.3645832490011104 0.15134803921568624 0.2414217372918966
1 0.709344362745098 0.36703431372549017 0.11868872549019613 0.2340686274509804
0 0.5751225254399491 0.5189951992378835 0.06213240010049366 0.10171588867184461
0 0.6727022058823532 0.5073530086422489 0.06770833333333343 0.10294131140214487
0 0.7595281862745099 0.4871323529411765 0.06452205882352942 0.13602941176470587
0 0.8128982843137256 0.3468137254901961 0.09797794117647043 0.21568627450980393
1 0.8921568627450981 0.31985294117647056 0.078063725490196 0.18627450980392155
0 0.8483455882352942 0.4632352941176471 0.06691176470588246 0.14460784313725492
0 0.9068933823529411 0.4362745098039216 0.06292892156862749 0.10049019607843135
0 0.9379595588235295 0.31066176470588236 0.048590686274509805 0.14338235294117646
0 0.9610600490196078 0.39950980392156865 0.04381127450980386 0.09313725490196077
1 0.9797794117647061 0.28431372549019607 0.02867647058823522 0.11029411764705883
