5 0.3349571078431373 0.20772058823529413 0.08841911764705884 0.13357843137254904
5 0.44408700980392163 0.16911764705882354 0.125061274509804 0.14215686274509803
5 0.5763174019607843 0.17830874763041124 0.13780637254901965 0.1384805439548639
4 0.2457414215686275 0.28125 0.12028186274509803 0.16789215686274506
3 0.2051164215686275 0.4068627450980392 0.13780637254901962 0.178921568627451
4 0.16130514705882354 0.5116421568627452 0.14895833333333336 0.1580882352941176
4 0.15333946078431376 0.6789215686274511 0.17126225490196084 0.23039215686274503
3 0.11829044117647061 0.8192401960784313 0.15055147058823531 0.2193627450980392
4 0.11590073529411765 0.9405637254901962 0.16011029411764707 0.11151960784313744
5 0.6715073529411765 0.21384803921568626 0.09080882352941173 0.11151960784313726
5 0.7348345588235295 0.2977941176470588 0.125061274509804 0.15441176470588236
4 0.7878063725490196 0.42708333333333326 0.13700980392156864 0.17524509803921567
4 0.8447610294117649 0.53125 0.13143382352941174 0.17769607843137267
5 0.8686580921832978 0.6948529411764703 0.18241426306231565 0.26960784313725467
5 0.9009191058030486 0.8394607843137254 0.1561274746684129 0.23039215686274528
