0 0.06810661764705882 0.38664215686274517 0.07408088235294118 0.12867647058823528
0 0.13541666666666669 0.48100490196078427 0.06372549019607845 0.12377450980392148
0 0.15572916666666672 0.5698529411764706 0.0613357843137255 0.07598039215686271
0 0.1804227941176471 0.47549019607843135 0.07248774509803925 0.1470588235294118
0 0.22503066489092635 0.46997549019607837 0.10753681997793088 0.14828431372549022
1 0.2616727941176471 0.37193627450980393 0.10594362745098039 0.21200980392156865
0 0.2035232843137255 0.5919117647058824 0.054963235294117646 0.10294117647058833
1 0.25251225490196083 0.5888480392156863 0.0732843137254902 0.1875
1 0.3194240077638327 0.608455882352941 0.10036767074684425 0.20710784313725472
0 0.3536764705882353 0.4528186274509804 0.08762254901960784 0.15318627450980393
2 0.448468137254902 0.4258578431372549 0.12904411764705884 0.2267156862745098
0 0.389123774509804 0.5759803921568627 0.05337009803921568 0.11764705882352935
0 0.4532475490196079 0.6072303921568627 0.09718137254901968 0.18259803921568613
0 0.5412683823529413 0.59375 0.09160539215686278 0.1850490196078431
1 0.5842830763912836 0.4289215011616727 0.13621321160609692 0.22549033100998797
1 0.702175245098039 0.4589459940991498 0.11231617647058822 0.1850491882722889
0 0.6364583432033423 0.6102941176470587 0.09558825503413497 0.17156862745098034
0 0.7248774509803922 0.6011029411764706 0.07806372549019613 0.20710784313725492
0 0.794577205882353 0.4515931372549019 0.0868259803921569 0.20220588235294124
0 0.7985600490196079 0.582720588235294 0.07408088235294116 0.16789215686274503
0 0.8579044117647059 0.4448529411764705 0.06691176470588232 0.1470588235294118
0 0.8507352941176473 0.5637254901960784 0.0430147058823529 0.09313725490196077
0 0.8921568627450981 0.44669117647058826 0.055759803921568644 0.12377450980392148
2 0.8937500000000002 0.53125 0.0509803921568627 0.06495098039215691
3 0.9260110294117648 0.46752450980392163 0.027879901960784253 0.07720588235294117
