1 0.1059436274509804 0.8670343137254903 0.16090686274509808 0.1948529411764706
1 0.14019607843137255 0.7267156862745097 0.1879901960784314 0.2426470588235294
2 0.1549325822472018 0.5416665907676662 0.1409926786428513 0.16911779885682454
2 0.19954044117647052 0.3946079359026999 0.15692401960784305 0.19362726544950162
1 0.24773284313725494 0.24387254901960786 0.12904411764705884 0.16421568627450983
1 0.33854166666666674 0.20098039215686278 0.10992647058823532 0.1642156862745098
1 0.42735906862745104 0.1611519607843137 0.12984068627450981 0.16544117647058823
1 0.5587928921568629 0.17524509803921567 0.1314338235294118 0.15931372549019607
2 0.652389705882353 0.23223039215686275 0.10196078431372556 0.1384803921568627
1 0.733639705882353 0.31004901960784315 0.11311274509803923 0.178921568627451
1 0.7866115196078431 0.43259803921568624 0.14736519607843135 0.2009803921568627
1 0.8340073529411766 0.5796568627450981 0.1417892156862746 0.19362745098039227
1 0.8885722881295548 0.8964460784313721 0.16966908606303105 0.17524509803921554
1 0.8758272058823531 0.7340686274509803 0.18082107843137252 0.2475490196078431
