4 0.19240979412142564 0.8023567198833791 0.1448306595365419 0.1760249554367202
3 0.22246215597525804 0.6525126300303542 0.1441065062388592 0.16154201214811695
2 0.24961790463835967 0.5466749017015611 0.11007130124777181 0.13926024955436717
2 0.2572215142640281 0.4191125131097607 0.12093360071301248 0.14928698752228164
1 0.2829997907902318 0.3019276160349667 0.1047926504809364 0.12405894792342163
1 0.35992204813787054 0.24790194516508934 0.09438772119573464 0.10061923886876581
0 0.4634140879834751 0.2344669899752259 0.10813709677288116 0.11148154306482588
0 0.5728518027587792 0.2210320347853623 0.11222475335192478 0.12691744902764795
1 0.6609222217799912 0.2584783638432829 0.1033062299067385 0.10919481299633253
1 0.7573537565310663 0.3007842155932762 0.10739388648578227 0.15035715808230368
2 0.7762937035832493 0.4428517204733236 0.12485932823260512 0.15893266139498252
2 0.786698647602633 0.5754861717094242 0.1270889590939015 0.12234384726088571
3 0.7837258064542376 0.7106932739393287 0.14715563684557012 0.17894216912456679
4 0.8268320031059705 0.8241757677771128 0.14715563684557012 0.1646496636034351
