3 0.09359681372549021 0.10110294117647062 0.17126225490196081 0.16789215686274514
3 0.12784926470588234 0.2647058823529412 0.16966911764705883 0.25
0 0.17524509803921567 0.44056372549019607 0.1625 0.18259803921568632
0 0.23180147058823533 0.5882352941176471 0.16090686274509808 0.19607843137254904
0 0.28596813725490194 0.7561274509803922 0.13541666666666663 0.18137254901960786
1 0.38394608367129685 0.8425245098039216 0.11629903008769144 0.17034313725490208
2 0.5014399509803922 0.8903186274509803 0.13302696078431367 0.20465686274509806
2 0.6420343137254904 0.8786764705882354 0.14338235294117652 0.16911764705882362
1 0.7455882352941177 0.8327205882352942 0.11789215686274516 0.1727941176470587
0 0.8144914215686276 0.7064950980392157 0.12984068627450981 0.18014705882352935
2 0.9100796568627452 0.2181372549019608 0.14577205882352928 0.22549019607843135
0 0.8937500000000002 0.39705882352941174 0.1465686274509804 0.17156862745098034
0 0.8567095588235296 0.5459558823529411 0.15373774509803936 0.19240196078431374
0 0.9112745098039217 0.06311274509803921 0.16090686274509808 0.12377450980392156
