2 0.6445454545454545 0.3713286713286713 0.2 0.2867132867132867
0 0.053181828954549315 0.31678315875846974 0.09000005027274534 0.09650361255299032
0 0.030909090909090914 0.35944055944055947 0.05454545454545455 0.0951048951048951
0 0.15863636722727403 0.35384615384615387 0.12636364354545712 0.1594405594405594
0 0.12909090909090906 0.4468533644459478 0.1509090909090909 0.1692312044163714
1 0.2913636363636364 0.3832167832167832 0.1390909090909091 0.1874125874125874
1 0.2581818181818182 0.5146853146853146 0.12 0.1762237762237762
0 0.45272727272727264 0.38391608391608384 0.17636363636363633 0.22797202797202798
0 0.384090909090909 0.5552449148128095 0.1372727272727273 0.24335696249275146
0 0.5327272511818104 0.6041959202452979 0.15999995690907534 0.2741261062248622
0 0.8527272978636452 0.36293690336900863 0.22363641390910893 0.3342660534018426
0 0.6918181566818089 0.5993006993006993 0.156363586090891 0.255944055944056
0 0.842272727272727 0.6097902823211436 0.14636363636363636 0.22377636883809118
0 0.9636363349090802 0.555244755244755 0.06545460290911091 0.2853146853146852
0 0.9836363636363638 0.3314685314685314 0.023636363636363598 0.13706293706293707
