6 0.09957107843137257 0.11580882352941177 0.16250000000000003 0.23161764705882354
6 0.15612746408020256 0.33578431372549017 0.15134806541530696 0.25490196078431365
1 0.3791666666666667 0.8468137254901962 0.09558823529411768 0.14705882352941174
1 0.4580269607843139 0.8596814315815757 0.08125000000000002 0.13602929369959404
1 0.5396752450980393 0.8517157115741767 0.07567401960784315 0.1372548513614506
1 0.6201286764705882 0.8223039215686276 0.08841911764705877 0.14215686274509806
2 0.7905943627450981 0.4393382352941177 0.1346200980392156 0.1801470588235295
6 0.8172794222445543 0.24509797174990794 0.16090686274509808 0.23284313725490194
6 0.8272365196078434 0.06556372549019608 0.15692401960784308 0.1286764705882353
2 0.19476102941176474 0.5042892156862745 0.11231617647058828 0.18259803921568626
2 0.22941176470588243 0.6464460784313727 0.1178921568627451 0.18504901960784317
2 0.3007046568627451 0.7794117647058824 0.10275735294117645 0.1740196078431373
2 0.7021752450980392 0.7395833333333333 0.09638480392156865 0.16789215686274503
2 0.7662990196078431 0.5986519607843137 0.10992647058823536 0.17524509803921567
