2 0.4691789215686275 0.43014705882352944 0.15134803921568626 0.24019607843137258
2 0.3409313725490197 0.45955882352941174 0.12107843137254903 0.18872549019607854
1 0.23817401960784312 0.4607843137254901 0.10036764705882355 0.2107843137254902
1 0.16528799019607845 0.4534313725490196 0.0708946078431373 0.18382352941176472
0 0.11789215686274511 0.4473039215686274 0.05735294117647058 0.12745098039215683
0 0.07965686274509805 0.4203431372549019 0.03982843137254901 0.125
2 0.6181372549019609 0.43259799704957486 0.15294117647058833 0.23284322158712495
2 0.7431985175677542 0.4589460193988167 0.11151958415511656 0.19485305924158236
0 0.8989276960784315 0.463235294117647 0.07248774509803922 0.1642156862745098
1 0.8415747549019608 0.44791666666666663 0.09638480392156865 0.2291666666666667
0 0.9379595588235295 0.46017156862745096 0.04062500000000014 0.12867647058823536
0 0.9614583333333334 0.4080882352941177 0.017524509803921548 0.08088235294117645
1 0.40784312935889494 0.6231617984387713 0.09877450980392152 0.1850492557380675
1 0.508609068627451 0.6237745098039216 0.09797794117647057 0.1740196078431373
1 0.6089767275302852 0.6262254901960786 0.09957110211939316 0.17401960784313733
1 0.11032475490196077 0.5343138604217527 0.07567401960784315 0.0563728188827209
1 0.17405024509803918 0.5686275015797259 0.07248774509803918 0.08333343453200079
1 0.23140318232650636 0.607230459622641 0.09319852941176471 0.11887254901960788
1 0.3162377450980392 0.6151960784313725 0.09558823529411764 0.15441176470588233
1 0.701776962758315 0.6280637760895295 0.0939951019872192 0.18014716002219663
1 0.7878063725490196 0.6231617647058824 0.08284313725490207 0.19240196078431374
1 0.8567095588235296 0.6017156862745098 0.06452205882352942 0.11764705882352942
0 0.8933517156862746 0.5661764705882353 0.048590686274509805 0.06372549019607845
