0 0.09518995098039217 0.39705882352941174 0.045404411764705895 0.08578431372549013
0 0.13700977628554437 0.5085785157047717 0.08125000000000002 0.07598039215686271
0 0.15971200980392158 0.4381127450980392 0.08841911764705884 0.10661764705882348
0 0.24255514705882356 0.46875 0.09160539215686274 0.1360294117647058
0 0.23339460784313726 0.5716912523695887 0.12267156862745096 0.14583348513133418
0 0.3289828431372549 0.46200980392156865 0.10514705882352939 0.1936274509803922
0 0.3449142156862745 0.6090686274509802 0.10036764705882359 0.16911764705882348
0 0.43930759803921576 0.4767156862745099 0.12346813725490194 0.2475490196078431
0 0.46001838235294124 0.616421568627451 0.11550245098039212 0.14215686274509806
1 0.5683517156862747 0.47794117647058826 0.12984068627450973 0.22549019607843143
1 0.5858762570742236 0.6023284313725492 0.09797800434452654 0.1384803921568628
1 0.714920317475233 0.4859067784128748 0.16329651730340566 0.2708335019977791
0 0.7200980392156865 0.6341911764705883 0.07965686274509806 0.04779411764705884
0 0.8909620098039213 0.46691172253977087 0.14736519607843132 0.28186282943026214
1 0.9017156862745099 0.6286764705882353 0.06213235294117638 0.04656862745098053
0 0.981372549019608 0.44178921568627444 0.03186274509803923 0.2022058823529411
0 0.9817708333333336 0.5870098039215685 0.029473039215686184 0.0857843137254902
