3 0.18201593137254896 0.5551471768886416 0.15533088235294107 0.11764729495375306
0 0.08363970588235295 0.5232843137254902 0.06691176470588235 0.06862745098039219
0 0.08125 0.4074754901960784 0.09718137254901961 0.13357843137254896
0 0.1947610294117647 0.4595588235294118 0.12984068627450981 0.12009803921568633
0 0.30030637254901965 0.4828431372549019 0.08602941176470587 0.11519607843137251
0 0.2919424019607843 0.5882352941176471 0.09479166666666668 0.1053921568627451
0 0.389920343137255 0.47977941176470595 0.10275735294117645 0.15318627450980393
0 0.3855392156862746 0.610906862745098 0.10355392156862742 0.12867647058823542
1 0.5030330882352942 0.4742647058823529 0.125061274509804 0.20343137254901955
0 0.49666053921568626 0.6133579359027 0.1107230392156863 0.15563744043285113
0 0.6253063725490197 0.4699754901960784 0.10992647058823522 0.204656862745098
0 0.5974264705882354 0.6041666666666667 0.08443627450980394 0.1715686274509804
0 0.7376225490196079 0.45710784313725483 0.11789215686274503 0.23529411764705876
0 0.6778799019607844 0.6053921568627452 0.06213235294117652 0.1544117647058824
0 0.753952205882353 0.6017156862745098 0.05496323529411768 0.1274509803921569
0 0.855514705882353 0.4050245098039216 0.10355392156862735 0.23651960784313725
0 0.9064950980392158 0.4037990196078431 0.03345588235294116 0.17769607843137258
0 0.9351715686274511 0.39583333333333337 0.035049019607843235 0.19852941176470595
0 0.8081188725490197 0.5667892156862745 0.027879901960784253 0.11642156862745104
0 0.8459558823529413 0.5759803921568627 0.03823529411764724 0.13235294117647065
