3 0.2915441281269071 0.4375 0.15134801825598965 0.2573529411764705
3 0.04381127450980392 0.4785539215686274 0.08443627450980391 0.13357843137254904
3 0.027481617647058827 0.571078431372549 0.043811274509803926 0.07107843137254896
3 0.48351715686274516 0.46200980392156865 0.13223039215686272 0.2205882352941176
3 0.6392463235294119 0.45588235294117646 0.17285539215686277 0.2941176470588235
2 0.12984068627450981 0.5643382352941176 0.14975490196078434 0.1654411764705882
2 0.264859068627451 0.5631127450980392 0.11868872549019606 0.1899509803921569
3 0.39748773985811503 0.5943628125638175 0.132230402636711 0.2622548007621169
3 0.5225490379475777 0.6164215686274512 0.10355388488915844 0.19117647058823534
3 0.7917892156862746 0.42892156862745096 0.13541666666666685 0.30147058823529416
3 0.8961397268420501 0.3609068627450979 0.08284317917429447 0.24387254901960773
2 0.9534926470588236 0.3259803921568627 0.04620098039215691 0.17156862745098034
1 0.8853860294117633 0.555759905120236 0.08045343137254911 0.17279432004439366
1 0.9331801470588236 0.5061274509803921 0.03265931372549005 0.13725490196078424
1 0.6364583333333329 0.6427696668756931 0.07965686274509802 0.09191188277099441
1 0.7300551470588236 0.6109068627450981 0.08523284313725497 0.1090686274509804
1 0.8156862614099937 0.6084558823529411 0.06372551639569901 0.10661764705882346
