6 0.18635170603674545 0.3775489602261255 0.17585301837270348 0.24227740763173825
5 0.15244138802129037 0.15137551603622013 0.16284903298659967 0.24111829059901374
3 0.24243690625072736 0.5577916972607303 0.11509630902812312 0.17989684962660807
2 0.26906823307372396 0.7042522214331782 0.10958637934060649 0.16953629807743142
1 0.33151410286557803 0.8191601567967709 0.0948932335072292 0.16388508814151734
0 0.4058981536470512 0.8558930213802141 0.08081230208357588 0.15446640491499317
0 0.4818127404528345 0.8606023629934764 0.07469015798633513 0.14504772168846927
1 0.5558906840294457 0.8813245913457977 0.08448558854192015 0.1450477216884694
0 0.6155815889775416 0.8511848050209209 0.08264894531274808 0.15258266826968844
5 0.8395998246522963 0.1318615651713357 0.15182917361156636 0.23735081730840427
3 0.8102135329855407 0.35696809428525844 0.1591757465282546 0.26560686698797586
1 0.7747050972215461 0.5345102731052364 0.12489173958370799 0.16482695646416987
1 0.6767507916656968 0.7963496668026031 0.09428101909750523 0.15164079994703614
1 0.7431760551207571 0.6861510730522724 0.12183066753508782 0.17236190304538895
