0 0.4434838160136286 0.13373083475298123 0.10519591141396938 0.15161839863713797
0 0.5536626916524702 0.10902896081771722 0.09965928449744467 0.16354344122657583
0 0.362095400340715 0.16661792996137414 0.06643952299829634 0.11991575847588902
1 0.3062427360551563 0.17114861044705643 0.06427770774400365 0.12068684580553217
1 0.26010792969050844 0.1703511202765353 0.059094021635616334 0.10207874182670565
1 0.234535078222464 0.18364262311855423 0.04527085867991662 0.08612893841628284
1 0.20101390805489217 0.1804526624364697 0.049417807566626525 0.06060925295960647
1 0.2197959423540801 0.2621532901068611 0.10018053977302788 0.13232860731480017
1 0.24067624667226872 0.3841898902320352 0.11630237141527969 0.184625028606323
1 0.274381710999627 0.499865448278589 0.10667223875032002 0.1128264063705307
1 0.2977162632262595 0.6062472383735513 0.1029683415714895 0.12422301307462483
0 0.33031055839996837 0.7059675470343741 0.0748187230123773 0.11168674570012144
0 0.37957239087841466 0.7908722669798746 0.07555950244814333 0.10826776368889326
0 0.45439111389079206 0.8387380151370694 0.09185665003499778 0.12194369173380608
0 0.5569890657443984 0.8410173364778882 0.08815275285616728 0.13106097709708123
0 0.6303262298852436 0.7817549816165993 0.07481872301237744 0.11966437039298725
0 0.6725506577239119 0.6922916189894613 0.07926339962697405 0.11396606704094019
1 0.6955148202326602 0.5874428373117953 0.10296834157148925 0.1139660670409388
1 0.7188493724592939 0.4768957522820842 0.09185665003499793 0.11396606704094026
1 0.732924181738848 0.350963248201845 0.11852470972257736 0.15841283318690638
1 0.7432950938395757 0.2444572138028168 0.10667223875032007 0.08775387162152398
0 0.6388451933965539 0.13277046810269538 0.07259638470507909 0.1401782624603565
0 0.6951444305147783 0.16297147586854457 0.05037300163209537 0.11852470972257784
0 0.7329241817388501 0.16696028821497744 0.04296520727443451 0.1014297996664368
0 0.7551475648118336 0.17949655558948088 0.03555741291677336 0.08091590759906754
0 0.7770005581669337 0.18291553760070908 0.02740883912334624 0.04900540882760433
