1 0.04294442642578456 0.49141647147790357 0.05648395721925134 0.11029411764705883
1 0.09834216984943513 0.5120269884119499 0.061553062604876835 0.13814616755793233
1 0.13744643177337815 0.5187114803905595 0.04851827094474153 0.11809269162210334
1 0.16279179719227302 0.4819467745082066 0.057208110516934044 0.1737967914438503
1 0.06322071876090042 0.5705163545573099 0.05069073083778964 0.06573096045471272
1 0.11644598614057962 0.609509216765967 0.08182932263814617 0.08801258505027999
1 0.16496425708532111 0.6028246711213973 0.036931818181818184 0.0746434937611408
0 0.2207240610068898 0.4507524786080283 0.09051916221033875 0.21613190730837778
0 0.314863989705642 0.4518665606044634 0.09920900178253124 0.1849376114081997
0 0.41153842084989006 0.43515526165884794 0.1245542990086384 0.20944727733158552
1 0.21348252803006262 0.6044958401154442 0.07024286987522288 0.1381462595567208
0 0.2902427775844299 0.5866704821730906 0.08038101604278075 0.13591800356506234
0 0.37062379362721065 0.5861134411748732 0.07313948306595364 0.11697860962566857
0 0.4459357365862124 0.576086703206959 0.08472593582887683 0.13480392156862742
0 0.5371790520942338 0.44072574064011394 0.12383021390374324 0.20944741532976827
0 0.5248684460336277 0.5883416051677431 0.0789327094474153 0.1214349376114081
0 0.6012666189391536 0.5888986461659605 0.06372549019607845 0.13146167557932265
0 0.6349397472813996 0.4518665606044634 0.07893270944741523 0.1737967914438502
1 0.7091029746098114 0.43628703791666157 0.07521288105440249 0.21570249332491692
0 0.6721096825694666 0.5906746825559241 0.07398658408068962 0.17356818704862115
1 0.7520233615989436 0.47433368761391315 0.03597136371393424 0.15470207976072742
1 0.778388753624599 0.4875399151120976 0.04455545671157528 0.12954736525021793
1 0.8117031547438062 0.473704817370984 0.038423971843010066 0.12074308664251909
0 0.7994401850066752 0.5611177811382244 0.02779606473749652 0.05408284089196165
0 0.7653082525716602 0.5897314031569885 0.0568184264487062 0.06854690841026476
1 0.7256579837549382 0.5969633849852223 0.04619051934319273 0.1131966437273617
