1 0.09439338235294117 0.12990196078431374 0.15533088235294118 0.20098039215686275
2 0.1334252924740809 0.34129901960784326 0.16966921239914207 0.26102941176470584
1 0.1704656862745098 0.5337009803921569 0.1178921568627451 0.1801470588235294
1 0.21507352941176475 0.6795343137254902 0.10833333333333335 0.1629901960784313
0 0.30389090965853 0.7830882352941176 0.09479162323862864 0.12500000000000003
0 0.39748774509803925 0.8406862745098038 0.08762254901960788 0.09313725490196077
0 0.5575980392156863 0.8247549019607843 0.09558823529411761 0.0857843137254902
1 0.6428309020929587 0.7769608433462812 0.09877450190791467 0.13480380350351542
1 0.7317749242993421 0.6803712670708921 0.10772528395279962 0.18665686341471896
1 0.7992392327563512 0.5564913756566392 0.11643037897584627 0.19502712634811423
3 0.8424925664646721 0.36481235448188243 0.16920488677090423 0.26198922981527767
4 0.8930908166832063 0.13643528581434614 0.16049979174785803 0.22934520437503583
