5 0.16528799019607845 0.7898283554735483 0.1505514705882353 0.1825981910136881
3 0.20113357843137258 0.6200980392156863 0.15214460784313724 0.2034313725490196
1 0.2437700604526728 0.4934305029209375 0.12769839152932264 0.1355844243756622
2 0.263104676071549 0.3716812238897307 0.1115112714763099 0.15357011332345405
0 0.3085185406647237 0.29109150225827846 0.07733846247550524 0.1597959287284589
0 0.3849577186928385 0.24266853639569186 0.08812987584418015 0.14596086907001787
0 0.45083030446412714 0.19977954298487333 0.07958667359397928 0.13904321071177594
0 0.5295176936107169 0.19908778571765062 0.07688882025181044 0.14181023978066698
0 0.5985377749478683 0.22122401826877905 0.08992844473895971 0.14596078338400362
0 0.6781244485418475 0.2312544986435092 0.0872305913967908 0.14388551158233537
0 0.7028547708450614 0.33709336052859235 0.11241055592369946 0.16187120053012719
1 0.710498688647873 0.44189458651284147 0.1276983915293225 0.15841241419401336
2 0.752090594339642 0.577824889522115 0.15692513606948452 0.2116777237701664
4 0.7952562478143425 0.7518018422286405 0.1506301449377574 0.20545190836516142
1 0.8538662772991904 0.8374370422026497 0.06294991131727187 0.08162735753228645
2 0.15771241455818955 0.9802673035967413 0.0800493928757545 0.03801142112243284
0 0.2615797682316878 0.9833802112992438 0.03958159274322273 0.031785605717427924
0 0.32070772064755376 0.9588228283128356 0.07240547507294291 0.08228388622468984
0 0.3964658968110866 0.9501934624789575 0.07464060913333641 0.09131198783540906
0 0.4733547170628959 0.9505392887488933 0.07823774692289454 0.09615439343331843
0 0.553166211768724 0.9498475981263493 0.07778810469920003 0.09200371654062778
0 0.6318536009153124 0.9474263667653876 0.08138524248875817 0.08854509205587156
0 0.7089672422789716 0.9650662580052501 0.06834561800160913 0.06571694038616271
0 0.754830749095841 0.9778637674488713 0.036870662342973475 0.035971377895583745
