3 0.04540441176470589 0.397671568627451 0.06372549019607843 0.241421568627451
3 0.11231617647058827 0.4528186274509804 0.07169117647058827 0.19975490196078433
0 0.07288602941176471 0.5557598039215687 0.026286764705882346 0.07720588235294117
2 0.11032475490196081 0.6133578431372549 0.0613357843137255 0.12622549019607845
3 0.20790441176470587 0.47365196078431376 0.14019607843137255 0.28799019607843135
2 0.17604166666666657 0.652573596877543 0.057352941176470586 0.09926484081390964
1 0.26127450980392164 0.6470588235294117 0.08602941176470591 0.10539215686274503
1 0.3520833333333334 0.6678922243285235 0.07169117647058823 0.10049033100998807
3 0.36044730392156865 0.4834558823529412 0.16170343137254903 0.2904411764705882
3 0.5157781862745098 0.45588235294117646 0.14736519607843135 0.2401960784313725
3 0.5890625288195828 0.6237745098039211 0.1298407439136755 0.2720588235294114
1 0.46559433392551564 0.629902036683314 0.10912995959995019 0.19852956356270718
3 0.7077512019105378 0.6170343137254903 0.12665436460538837 0.1948529411764706
2 0.7778492647058824 0.46200980392156865 0.12506127450980387 0.18382352941176472
1 0.8881740196078431 0.47855392156862747 0.12267156862745096 0.14338235294117652
0 0.9742034313725492 0.4712009803921569 0.0430147058823529 0.11642156862745104
3 0.955484068627451 0.5723039215686275 0.07726715686274503 0.0857843137254902
1 0.8423713025697155 0.5839460784313723 0.13462013995860897 0.12867647058823514
0 0.6659313725490196 0.4705882352941177 0.11629901960784302 0.1323529411764705
