0 0.06371480021225498 0.41419968786578026 0.019586415264145406 0.14647960133442062
1 0.09227832247246702 0.41629225359912914 0.041893165981644324 0.1724274164279467
2 0.13852402517947698 0.4158737404524594 0.06800838633383818 0.16489417978789078
2 0.22775102804947273 0.3982961882923288 0.12785576630761578 0.19837523152147263
2 0.3493500228143754 0.4020628066123568 0.13492863848633507 0.19084199488141673
2 0.46768460559736297 0.43345120045252 0.11262186889305986 0.16656850885477462
2 0.10751220101124677 0.5405906581600519 0.03862876343762009 0.09290991856068978
2 0.1442367296315194 0.5481238948001077 0.05114230652304633 0.12304286512091338
1 0.19918750578926064 0.5694680652802663 0.06855245342450889 0.14731662762776018
1 0.26828402630444 0.5690495924536262 0.07616939269389875 0.15484994490787676
1 0.3466296873610218 0.5732346836002943 0.08813886868865435 0.16489417978789078
2 0.4355846647753004 0.5715606310136144 0.08868295195856217 0.17828660048132325
2 0.5294362298263784 0.580767983600397 0.10010834468340982 0.1833088849614557
1 0.5805785363494252 0.42801062170588283 0.1088134181341411 0.20256036298817037
0 0.6202954164408796 0.5623533417868797 0.0870506994523002 0.14145744357438317
1 0.6733419753087806 0.449773305332711 0.09085920414200793 0.15066473280111836
1 0.7440706970959724 0.44265858183932477 0.07018465469652099 0.12471691770759243
0 0.6904800886649077 0.5380795792800331 0.08269819778194716 0.08788776080065247
2 0.7756265748721752 0.4991578566397435 0.09303549947008447 0.0870507345073127
2 0.8120790834298104 0.41294414842577104 0.08650666741664197 0.11216152330749934
