6 0.765104166666667 0.43504901960784315 0.1282475490196079 0.1666666666666667
4 0.8383884803921567 0.9123774509803922 0.1680759803921569 0.16544117647058826
3 0.8256433823529413 0.7475490196078431 0.15055147058823523 0.25980392156862747
3 0.8025428921568628 0.5667892156862745 0.121875 0.15318627450980402
3 0.15453435320552486 0.8731617647058826 0.16568623502976915 0.2291666666666667
2 0.18201593137254904 0.5821078431372549 0.12824754901960786 0.14950980392156865
1 0.21945465686274512 0.43504901960784315 0.12665441176470593 0.1666666666666667
0 0.2580882352941177 0.29534313725490197 0.09877450980392155 0.16176470588235298
0 0.32977941176470593 0.21200980392156862 0.08762254901960788 0.14705882352941171
1 0.4205085165504687 0.17536046724097118 0.1173566203843422 0.16117944326290445
0 0.5441601280665381 0.16878877320235489 0.12545018041084866 0.16325471506457273
2 0.645554432795624 0.1954213137424111 0.08633127352122633 0.1293588374666937
0 0.715923446375225 0.29468859583689777 0.10746446917760749 0.17155580227124564
