0 0.20511642156862753 0.5 0.09479166666666669 0.10294117647058826
3 0.2795955882352941 0.39522058823529416 0.13860294117647057 0.22426470588235292
2 0.40863970588235304 0.4178921568627451 0.10355392156862742 0.2009803921568628
0 0.3230085784313724 0.5551472527876421 0.13302696078431375 0.12009842714391152
0 0.4600183823529412 0.5876226755179423 0.12824754901960778 0.1825982922123545
1 0.5237438725490197 0.423406862745098 0.12187499999999993 0.21936274509803919
1 0.5870710784313726 0.5618872549019608 0.11151960784313729 0.1850490196078431
1 0.6515931372549021 0.3946078431372549 0.13541666666666663 0.2132352941176471
1 0.6965992542260342 0.5539216445264517 0.104350511155775 0.2034315243470207
1 0.7730698529411765 0.3756127450980392 0.11390931372549006 0.22181372549019604
1 0.7913909156527766 0.5520833333333333 0.08204660006699575 0.18995098039215683
0 0.8670649405005437 0.5337009803921565 0.06770835429303003 0.17524509803921562
1 0.8734375 0.35110294117647056 0.09319852941176478 0.21691176470588233
1 0.9530943627450981 0.36213235294117646 0.05974264705882348 0.2218137254901961
0 0.9387561143511699 0.5281862745098038 0.06930149678785584 0.14950980392156857
0 0.9877450980392157 0.3468137254901961 0.015931372549019614 0.16911764705882354
0 0.19037990196078433 0.40196078431372556 0.041421568627451 0.061274509803921615
