1 0.1664828431372549 0.44791666666666663 0.043014705882352955 0.13357843137254904
1 0.21029411764705885 0.4503676470588235 0.05735294117647061 0.13357843137254904
1 0.1716605392156863 0.5367647058823529 0.054963235294117625 0.07598039215686271
1 0.2198529411764706 0.5533088235294117 0.0446078431372549 0.09436274509803923
1 0.2712316176470589 0.45955882352941174 0.0788602941176471 0.1715686274509804
1 0.26485906862745096 0.5735294117647058 0.06133578431372552 0.1127450980392156
1 0.3453125000000001 0.44730392156862747 0.0868259803921569 0.18872549019607837
1 0.43930759803921576 0.44240196078431365 0.11868872549019613 0.20098039215686264
1 0.5571997549019607 0.4368872549019608 0.12187499999999993 0.21691176470588233
0 0.33137254901960794 0.5900735968775432 0.0732843137254903 0.1335785663041055
0 0.4022671568627451 0.5753676470588236 0.06531862745098045 0.09436274509803923
1 0.469577205882353 0.5772058823529411 0.06452205882352949 0.09313725490196077
1 0.5376838235294118 0.59375 0.0732843137254902 0.13357843137254896
1 0.612561274509804 0.5906862745098038 0.06691176470588232 0.1397058823529411
1 0.6595588235294119 0.4319852941176471 0.08762254901960781 0.18995098039215683
0 0.6862438725490196 0.5759803921568627 0.0836397058823529 0.17892156862745104
1 0.73921568627451 0.4221813725490196 0.07009803921568633 0.1899509803921569
1 0.7563419117647061 0.5753676470588235 0.06133578431372556 0.1580882352941176
1 0.8001531862745099 0.4362745098039216 0.06770833333333329 0.14950980392156865
1 0.8029411764705884 0.5545343137254902 0.049387254901960914 0.10661764705882348
1 0.8419730392156863 0.4362745098039216 0.03664215686274502 0.12254901960784316
1 0.8821997549019608 0.42769607843137253 0.04381127450980401 0.10784313725490201
1 0.8618872549019609 0.539828431372549 0.06213235294117652 0.13357843137254896
