6 0.28875612745098034 0.7463234535127643 0.13780637254901962 0.16421583807251083
5 0.2827818627450981 0.8296569133444319 0.13700980392156864 0.0857842125268225
5 0.8411764705882355 0.7352941176470589 0.13541666666666657 0.19117647058823536
0 0.33336397058823536 0.40318627450980393 0.08841911764705887 0.15196078431372556
0 0.404656862745098 0.3462009803921569 0.08125 0.12867647058823528
0 0.5018382352941176 0.32536764705882354 0.10833333333333328 0.16299019607843138
0 0.6153492647058824 0.32230392156862747 0.11231617647058827 0.13725490196078433
0 0.7077512254901961 0.3492647058823529 0.0868259803921569 0.12254901960784316
1 0.775061274509804 0.4056372549019608 0.09558823529411768 0.1642156862745098
2 0.7842218137254904 0.5245098039215688 0.11868872549019599 0.142156862745098
2 0.30428921568627454 0.6292892156862745 0.11629901960784317 0.13112745098039214
1 0.3453125000000001 0.5330882352941176 0.1250612745098039 0.14460784313725483
2 0.817279411764706 0.6219362745098039 0.11470588235294116 0.13112745098039214
5 0.8868884518495603 0.8048054683932173 0.10293749355489751 0.13442642271033123
0 0.2755474654174218 0.8964179961992309 0.02334047818977325 0.039591343674960484
0 0.3273154490947395 0.8991802526633037 0.07540769876695988 0.10035959196351527
0 0.406912464459864 0.8715582709350135 0.08977106996066637 0.12982251198476527
0 0.5095507211148924 0.8568266525242706 0.11311154815043971 0.12982277809696371
0 0.6247569275644144 0.8563662880629335 0.11371002195017751 0.11785330210220835
0 0.7235051045211475 0.8628113905216481 0.08857412236119089 0.10864601287547317
0 0.8028028829864027 0.8766223243617506 0.07241532976827102 0.09943872364873826
0 0.8384120681384135 0.8927351438685842 0.0287267305226396 0.06905479592060693
0 0.8569647618626718 0.8858296135884857 0.01915116159160874 0.023938951989510997
