0 0.24084327086882454 0.5281090289608177 0.03654173764906304 0.07155025553662696
0 0.2181431005110733 0.594548551959114 0.03543441226575812 0.14310051107325386
0 0.2546848381601363 0.6260647245202408 0.08858603066439526 0.16524704158984257
0 0.25966780238500853 0.4804088586030664 0.014395229982964218 0.10562180579216353
0 0.27738500851788755 0.5170357751277683 0.023253833049403774 0.1175468483816013
0 0.30894378194207833 0.5119250425894378 0.042078364565587736 0.12436115843270869
0 0.35988074957410554 0.49148211243611584 0.06201022146507668 0.0971039182282793
0 0.35545140981750334 0.6064735907401366 0.10630331324403894 0.1567291387922983
0 0.42853492333901194 0.5 0.07086882453151616 0.1482112436115844
0 0.5082623509369677 0.48722316865417375 0.08194207836456563 0.11925042589437823
0 0.46120098392312525 0.5715502555366269 0.08969343249446483 0.14139693356047695
0 0.5979557069846677 0.46337308347529815 0.09301533219761496 0.12606473594548553
0 0.55587734241908 0.5681431119363183 0.09744463373083474 0.13798980138541306
0 0.6776831345826235 0.47018739352640543 0.08415672913117547 0.09880749574105621
1 0.7790034071550258 0.4795570393793585 0.12734241908006821 0.09369682413736459
2 0.817206132879046 0.5851788756388416 0.12402044293015337 0.09710391822827943
1 0.6505536308388339 0.574105621805792 0.08969329234206283 0.11925042589437825
1 0.7252980368768438 0.5621805792163538 0.07529830444052038 0.09199318568994891
