6 0.8575733251790129 0.4599737532808399 0.1927573070356496 0.21653543307086615
6 0.8983867345768671 0.29133858267716534 0.17603856101725154 0.18110236220472442
6 0.155385992406289 0.2828083989501312 0.169154371480264 0.20603674540682412
6 0.16177845411920597 0.4599737532808399 0.21144296435033 0.1955380577427821
4 0.15981154282292384 0.599737532808399 0.15243562546186581 0.14960629921259852
4 0.17062955495247556 0.7145669291338583 0.13670033509160864 0.12467191601049865
4 0.8285613835588512 0.613517060367454 0.16620400453584083 0.18766404199475076
2 0.7961073471701963 0.7499999999999999 0.12686577861019777 0.20603674540682415
2 0.7031707884208649 0.818241469816273 0.13178305685090322 0.19291338582677156
1 0.24881427897969072 0.7998687664041997 0.15145216981372492 0.1535433070866144
