1 0.0203125 0.5379901960784313 0.03584558823529412 0.18872549019607845
2 0.10038037822874518 0.5121297864246216 0.12023882703822593 0.23604141472175236
2 0.22687597680968427 0.489111563357784 0.14254557775572488 0.24692275653516632
1 0.3465707367572386 0.4794856688243101 0.11534222322218932 0.21762702058841865
1 0.4466790814406486 0.5158963471446062 0.11098968649682373 0.20507155706827368
1 0.5437950571253702 0.4681859060242954 0.11262188776883604 0.19837523152147254
1 0.24673442561916498 0.6247098228787906 0.061479581245789776 0.05775481424042873
0 0.17518960319596702 0.6150840953854417 0.04243723307231496 0.028459043733656365
0 0.32616822085708796 0.5933213368785577 0.06147958124578974 0.04352536725365653
1 0.40478591545900494 0.6083878101586694 0.08161006360060583 0.06361399829380553
1 0.5097908639584512 0.6201061782654232 0.11860662576621386 0.20925657333488673
2 0.5965695649204287 0.5221741019446963 0.06692025215249671 0.13894636469436478
2 0.5824238205629902 0.6309875200788373 0.04406943434432719 0.09709505002738751
2 0.6645779512542669 0.526359233411394 0.09085920414200785 0.12555394400093206
2 0.6496161062608223 0.6347541383988653 0.1077252839527997 0.11634665477419709
2 0.7391151426761537 0.5121297864246217 0.08324226487261796 0.11550962848085745
2 0.7306821027707576 0.6042026786919718 0.09249140541402 0.1088134181341411
