2 0.12028186274509806 0.9007352941176471 0.13541666666666669 0.1740196078431373
3 0.1545343137254902 0.772671568627451 0.16568627450980394 0.2389705882352942
1 0.22542892156862748 0.6574754901960784 0.14497549019607847 0.1580882352941176
1 0.19993872549019606 0.49264705882352944 0.14019607843137258 0.18872549019607845
0 0.2592830744172821 0.349264705882353 0.11709561587131855 0.19117647058823528
0 0.3421262254901961 0.2659313725490196 0.121875 0.1691176470588235
0 0.4444852941176471 0.20833333333333331 0.13223039215686272 0.17892156862745096
0 0.5838848039215687 0.2181372549019608 0.13860294117647057 0.15931372549019604
0 0.6742953431372547 0.30575975332223493 0.12028186274509803 0.15318637570847138
0 0.7515625000000002 0.4087009213596008 0.11709558823529403 0.19485305924158236
0 0.7909926470588237 0.5716911764705882 0.14975490196078425 0.1776960784313725
0 0.7583333333333334 0.7126225490196079 0.14816176470588233 0.17524509803921576
2 0.8260416666666669 0.8443627450980392 0.1545343137254902 0.24019607843137267
