0 0.18002452552369394 0.5784313388161304 0.10992643914869035 0.16421575374028805
0 0.22981002281998714 0.7120098798205693 0.10275740534041794 0.16666681846466797
0 0.32022058823529415 0.8008578431372549 0.0892156862745098 0.13112745098039214
0 0.3939031862745098 0.8560049019607843 0.07089460784313723 0.09436274509803909
0 0.5643688725490197 0.8670343137254902 0.08523284313725484 0.09191176470588232
0 0.6324754901960785 0.823529411764706 0.07965686274509792 0.14460784313725497
1 0.7057598039215685 0.7328431203884576 0.10036764705882348 0.1691176807917125
1 0.7858149509803922 0.6636029411764706 0.10275735294117652 0.18014705882352935
1 0.8292279254566983 0.4932598292212358 0.1609068941846432 0.2487744592045881
1 0.8969362378303353 0.29595588235294096 0.1625000733589384 0.23406862745098025
3 0.11151960784313726 0.17340686274509803 0.15772058823529414 0.2267156862745098
2 0.14776351183170175 0.3909313725490196 0.16807604327124667 0.25000000000000017
0 0.9339767156862746 0.11948529411764706 0.07567401960784309 0.11151960784313726
