0 0.43054534313725495 0.4859068627450981 0.13939950980392163 0.2438725490196078
0 0.5639705882352942 0.4350490196078431 0.1386029411764705 0.2622549019607843
0 0.3090686274509804 0.49203431372549017 0.10992647058823529 0.21200980392156865
0 0.22224264705882354 0.49387254901960786 0.08125 0.20588235294117646
0 0.16887254901960788 0.5049019607843137 0.04620098039215687 0.142156862745098
0 0.13581495098039217 0.4944852941176471 0.03265931372549019 0.1213235294117647
0 0.10514705882352943 0.48774509803921573 0.044607843137254924 0.12500000000000008
0 0.06253063725490197 0.4362745098039216 0.04062500000000001 0.12745098039215683
1 0.10992647058823532 0.5814950980392157 0.06053921568627454 0.0772058823529413
0 0.15015318627450983 0.6151960784313725 0.040625000000000036 0.07598039215686271
0 0.19874387254901962 0.6354166666666667 0.06452205882352942 0.10416666666666664
0 0.27083333333333337 0.6446078431372549 0.07009803921568626 0.1274509803921569
0 0.3568627450980392 0.6464460784313727 0.07328431372549027 0.13112745098039214
0 0.4540441176470588 0.6507352941176471 0.08125000000000007 0.1274509803921569
0 0.5420649509803922 0.6360294117647058 0.07248774509803922 0.14950980392156865
0 0.6257046568627451 0.6127450980392156 0.07726715686274503 0.13235294117647065
0 0.6786764705882353 0.44056372549019607 0.09877450980392155 0.20955882352941174
1 0.7730698529411765 0.4344362745098039 0.09160539215686271 0.22426470588235284
1 0.7157168829451227 0.5986519607843134 0.08523290077641986 0.23406862745098017
0 0.7949754901960786 0.616421568627451 0.0732843137254902 0.14215686274509806
0 0.8296262254901962 0.4534313725490196 0.05018382352941174 0.1789215686274509
0 0.8300245098039217 0.5900735294117647 0.04301470588235304 0.10661764705882362
0 0.8638786764705882 0.4662990196078431 0.040625 0.13602941176470587
0 0.8754289215686275 0.5833333333333333 0.06372549019607845 0.1053921568627451
0 0.896936274509804 0.4534313725490196 0.05257352941176464 0.13725490196078433
0 0.9463235294117649 0.4203431372549019 0.05894607843137251 0.12254901960784316
0 0.9268075980392158 0.5318627450980391 0.05974264705882348 0.07843137254901954
