2 0.26207107843137256 0.47365196078431365 0.11151960784313729 0.15563725490196084
2 0.15811887254901957 0.4362745098039216 0.10435049019607844 0.14460784313725483
2 0.19396446078431373 0.5759803921568627 0.1409926470588235 0.10294117647058819
2 0.3461090686274511 0.4859068627450981 0.06930147058823526 0.15318627450980393
2 0.31026348039215684 0.6158089584609684 0.11709558823529403 0.12132379927487787
2 0.43572303921568634 0.47365196078431376 0.10833333333333335 0.21200980392156865
2 0.5141850621194185 0.662377450980392 0.11709561443491462 0.2022058823529411
2 0.5595894607843138 0.46139705882352944 0.1330269607843138 0.22181372549019607
2 0.7678921568627453 0.650735294117647 0.11151960784313715 0.2132352941176471
2 0.6428309190324103 0.6593137254901954 0.1354167400256049 0.22794117647058804
2 0.41222430400531346 0.6427696078431373 0.09001217630309871 0.14338235294117652
1 0.8483455882352942 0.4528186274509804 0.17683823529411768 0.2757352941176471
1 0.6950061274509803 0.45772058823529405 0.12346813725490208 0.2169117647058824
0 0.8702512254901962 0.6599264705882354 0.09001225490196091 0.15073529411764702
0 0.9487132352941177 0.6715686274509803 0.07169117647058826 0.14460784313725497
1 0.9622549019607844 0.4613970588235295 0.07169117647058812 0.2781862745098039
