1 0.12346813725490198 0.8480392156862747 0.18639705882352944 0.2818627450980392
1 0.16727941176470587 0.6531862745098038 0.16090686274509808 0.19607843137254904
1 0.2126838235294118 0.4865196078431373 0.1545343137254902 0.19607843137254904
1 0.3365502450980392 0.255514705882353 0.1266544117647059 0.17034313725490197
1 0.44926470588235295 0.1954656862745098 0.14019607843137252 0.19975490196078433
1 0.588265931372549 0.20220588235294115 0.13780637254901962 0.19117647058823528
1 0.6989889705882348 0.26041659076766616 0.12824754901960778 0.14093152434702086
1 0.7794424019607844 0.3768382352941177 0.12506127450980387 0.18014705882352947
2 0.8037377450980394 0.5465686274509804 0.15612745098039227 0.19852941176470595
1 0.8431678921568628 0.7212009803921569 0.15055147058823537 0.1801470588235294
2 0.8646752450980393 0.8927696078431373 0.16966911764705883 0.20955882352941174
