1 0.1302389705882353 0.8394607843137254 0.16807598039215688 0.2132352941176471
3 0.1828125 0.6341911764705881 0.1744485294117647 0.25122549019607837
1 0.21746323529411768 0.4546568627450979 0.15134803921568626 0.17892156862745096
0 0.2433517156862745 0.3167892156862745 0.13302696078431375 0.1825980392156862
0 0.2851715686274508 0.18872558296152356 0.09877450980392155 0.18137273455049813
0 0.3676164215686275 0.20833333333333331 0.09797794117647057 0.14950980392156862
0 0.45484068627450996 0.20220591608583036 0.0876225490196079 0.12745104785793515
0 0.5400735471777804 0.18872549019607837 0.08443631004183494 0.1348039215686274
0 0.6276960981713897 0.20281866118386957 0.09877454928395663 0.14338215054384168
0 0.7224877549680483 0.2205882352941176 0.09877452954393853 0.19607843137254885
1 0.7814338235294119 0.31862745098039214 0.12267156862745111 0.18627450980392152
0 0.799356609751052 0.4577205882352942 0.13143383932142602 0.18259803921568632
3 0.8228553783388507 0.6323529411764703 0.1736519884203381 0.2549019607843135
2 0.875030637254902 0.8229166666666667 0.15373774509803922 0.20220588235294115
3 0.9096813725490196 0.9375 0.10514705882352943 0.09803921568627459
