0 0.12995243793448882 0.46481746448844596 0.04013335550333735 0.12691744902764795
1 0.15144473602926917 0.4383079929794587 0.06351069726117356 0.1824243431969879
0 0.21225285042826514 0.39724952257329904 0.11621106307363675 0.21360799160672947
0 0.18303117323096976 0.5318589668207592 0.07601014299874496 0.07120272109306168
0 0.25160921335872644 0.5165269777405604 0.03479575435053661 0.0800380309183366
0 0.32204527585555226 0.4159597116191439 0.11080590404663701 0.1793059783560137
0 0.4286283908313591 0.3813978346316806 0.1293861545267526 0.22556172349713038
1 0.3090391125747114 0.5409541689948578 0.09087437553014364 0.13097132332091413
0 0.40464294030294146 0.5144480821526156 0.06857808533490588 0.060288386925500266
0 0.5554808705761424 0.4071243445697172 0.12837267925608042 0.21464744655372073
0 0.4931525566658494 0.5126290216893428 0.06587545726557892 0.05561083966403906
0 0.5738922196734051 0.5321188019454312 0.06519981155003464 0.06236729681948305
0 0.6571655465797273 0.5097705205851163 0.08580702094318829 0.08419585070630217
0 0.7736586811067788 0.3764604236334714 0.10337378610659904 0.20737126192478106
1 0.67371887414509 0.382177425841924 0.11148154306482588 0.20113453224283276
0 0.7417344319305087 0.5328983931556747 0.08546919641107768 0.15851687941618597
3 0.8478107983877758 0.5152276590568217 0.07263188260858362 0.13253050574140146
0 0.834635701911644 0.38971347420761177 0.057092044545774746 0.1673522464656127
0 0.8044005653498963 0.5277011184207178 0.058105531536818376 0.14812232994627209
0 0.8793972397753247 0.39958829620402964 0.04864649151919678 0.10602440459312114
0 0.9189225141346721 0.37775974231721066 0.03378228577721984 0.08003803091833667
3 0.8880117226485157 0.46689300402172185 0.057092062963501604 0.0722421188159013
