0 0.13661151960784315 0.9375 0.09160539215686274 0.10784313725490194
2 0.1589154411764706 0.8247549019607843 0.1489583333333334 0.17647058823529405
2 0.19316789215686278 0.6832107843137255 0.13939950980392157 0.18750000000000008
1 0.22622549019607846 0.5410539215686275 0.12267156862745096 0.1556372549019608
2 0.2413602941176471 0.4019607843137255 0.13223039215686275 0.1740196078431373
1 0.2947303882088592 0.30024503057343743 0.0924019686803207 0.15686288002959578
1 0.35208333333333336 0.2113970588235294 0.09080882352941173 0.1360294117647059
1 0.45523897058823537 0.18443627450980393 0.12346813725490201 0.13848039215686275
1 0.5659620098039215 0.22549012017943093 0.12665441176470593 0.16421583807251114
1 0.6699142156862746 0.2506127450980392 0.10355392156862762 0.133578431372549
1 0.7491727822736365 0.2996322939086205 0.10594360376295947 0.1629903141435434
1 0.7646909832849198 0.4395830968180529 0.13873710812103 0.15150175909445815
1 0.7831892643677236 0.5655555539656548 0.13003203467029847 0.13057610176096937
1 0.8005994112691863 0.7053389449533591 0.14308964484639547 0.20088631040149124
2 0.812024820173271 0.8547481383144683 0.14961844993444387 0.16489417978789092
