0 0.33933821171445905 0.21752445077136554 0.10992651774755254 0.15563737296707272
2 0.1266544117647059 0.9258578431372548 0.1513480392156863 0.14093137254901975
3 0.1589154411764706 0.7935049019607843 0.17763480392156863 0.21446078431372556
1 0.18082107843137257 0.621936274509804 0.11629901960784318 0.13602941176470587
3 0.225827205882353 0.47916666666666663 0.14099264705882356 0.1642156862745098
0 0.2728247292399383 0.33823537844986973 0.10435054152012349 0.171568796115426
0 0.45364583333333314 0.16176463841657474 0.12824754901960778 0.1593138604217527
0 0.5787071078431373 0.16973034999075132 0.11709558823529413 0.15563733923418355
0 0.668719362745098 0.2450980392156863 0.1091299019607844 0.1544117647058824
0 0.735631109684965 0.38235294117647056 0.10753672917385071 0.19117647058823534
1 0.7846200980392157 0.5661764705882354 0.12267156862745096 0.1568627450980393
3 0.8236519607843138 0.7377450980392157 0.15931372549019612 0.26715686274509814
3 0.856311274509804 0.9037990196078431 0.15931372549019612 0.1875
