0 0.20153321976149918 0.5170357751277683 0.09301533219761499 0.15843270868824533
0 0.2175894378194208 0.6448040885860307 0.034327086882453166 0.09369676320272567
0 0.29510221465076664 0.4778534923339013 0.1074105621805792 0.18909710391822826
0 0.2624361158432709 0.6269165437439489 0.055366269165247 0.09880753382520532
0 0.32167802385008515 0.592844989679997 0.07640545144804087 0.1431005415405734
0 0.40085178875638844 0.47870528109028954 0.09080068143100511 0.16013628620102216
0 0.39531511087535387 0.5945485519591139 0.0752982279937555 0.11584327086882446
0 0.5010647359454855 0.5025553662691652 0.09855195911413972 0.14310051107325386
0 0.4778109028960818 0.6201022146507665 0.08747870528109032 0.1635434412265758
2 0.769037478705281 0.46507666098807493 0.0896933560477001 0.09880749574105614
0 0.5630749255577433 0.5936967860532154 0.08747864157545289 0.12776835915924156
0 0.5974020442930152 0.4804088586030664 0.08304940374787051 0.13969335604770017
0 0.6810050979914111 0.49488925222800995 0.0819421038468206 0.10051110372115261
0 0.6239778534923341 0.588586053514885 0.06311754684838172 0.08006818880149005
1 0.7214224489997854 0.5817716863375533 0.1295570953289328 0.12095390438836667
