2 0.07647058823529412 0.33272058823529405 0.09877450980392158 0.22181372549019607
0 0.10076593137254904 0.4350490196078431 0.05814950980392156 0.13970588235294115
1 0.14537377450980393 0.5667892156862745 0.0852328431372549 0.1997549019607842
3 0.2043198529411765 0.4080882352941176 0.11709558823529413 0.2083333333333333
2 0.32340686274509806 0.4172794117647058 0.14816176470588233 0.21200980392156862
0 0.22702204697951894 0.5814950980392157 0.09399507435119502 0.1948529411764706
0 0.3098651960784314 0.59375 0.09080882352941182 0.1556372549019607
0 0.4580269607843138 0.46384803921568635 0.1386029411764705 0.17769607843137258
0 0.40465686274509804 0.5980392156862745 0.10036764705882355 0.18382352941176477
0 0.5117953233972377 0.5974264705882354 0.10753672522584794 0.2193627450980392
0 0.5787070861291181 0.45526960784313686 0.11550240755235429 0.20955882352941174
0 0.6173406862745099 0.5821078431372549 0.09877450980392169 0.18137254901960786
0 0.6858455882352942 0.4558823529411765 0.09877450980392155 0.14460784313725492
1 0.713327205882353 0.5563725490196079 0.08045343137254889 0.13725490196078433
0 0.7623161764705884 0.46262254901960786 0.09080882352941173 0.1139705882352942
2 0.837591911764706 0.4430147058823529 0.08682598039215676 0.09436274509803923
0 0.9156556372549021 0.39705882352941174 0.06770833333333315 0.08088235294117645
3 0.8085171568627448 0.5300245857029222 0.11151960784313726 0.10416681846466774
1 0.8829962978673889 0.47365196078431365 0.06292897289267205 0.09436274509803916
