2 0.17882965686274513 0.3915441176470588 0.05974264705882355 0.10171568627450973
2 0.2541053921568628 0.41727941176470584 0.08762254901960788 0.13112745098039214
1 0.18440563725490197 0.4681372549019608 0.06133578431372548 0.05882352941176471
2 0.2656556372549019 0.5287991545393996 0.11390931372549015 0.12622576005919153
1 0.33177084715134547 0.46078431372549017 0.08204659626347527 0.1421568627450981
1 0.40784313725490207 0.46384803921568624 0.09399509803921567 0.1556372549019608
1 0.35965073529411784 0.5710784819718828 0.08045343137254904 0.11274519923788319
1 0.4440870098039217 0.5833333333333334 0.10116421568627451 0.13725490196078438
1 0.5006433823529413 0.47855392156862747 0.10116421568627444 0.18014705882352935
1 0.6022058823529413 0.47242647058823534 0.10992647058823522 0.170343137254902
0 0.5429439506331577 0.5934328044579209 0.07643917802811558 0.10376359008341503
0 0.6254532986811533 0.5740636009756834 0.08048595804136895 0.11898224996231577
1 0.7115597845187048 0.46269059050646905 0.11600769371325757 0.1840076139739512
1 0.818349826017489 0.46096132110709903 0.11106165599515695 0.14042679189089935
1 0.7012180133737247 0.5695672406230787 0.05215849794859655 0.04081380253483097
1 0.7740600536122808 0.5574614741656775 0.068345618001609 0.06502501174691087
1 0.8934347929843327 0.48863157847367183 0.036870662342973336 0.039430164231697803
1 0.8815192740564206 0.5211441700331418 0.03732030456666848 0.044964222369479924
1 0.8347564827921616 0.5508897325237208 0.04901100238273301 0.054648824110598467
