0 0.04620098039215687 0.4338235294117648 0.07169117647058826 0.09803921568627444
2 0.06531862745098041 0.5747549019607843 0.12745098039215688 0.1715686274509803
0 0.1505514705882353 0.4099264705882352 0.1290441176470588 0.18995098039215683
0 0.2823835784313726 0.4136029411764707 0.13939950980392157 0.2732843137254902
0 0.19555759803921569 0.5943627450980392 0.1266544117647059 0.2034313725490196
0 0.33376225490196076 0.625 0.13860294117647065 0.23039215686274525
0 0.42536762347916496 0.4148284313725489 0.14019612559068992 0.3026960784313723
0 0.4767463235294119 0.6060049019607843 0.11390931372549026 0.26838235294117657
0 0.5687499738003795 0.42218137254901966 0.13700985632081047 0.24387254901960792
0 0.5946384803921569 0.6102941176470589 0.09797794117647057 0.2034313725490197
0 0.7117340371879061 0.42830882352941174 0.14099270993791335 0.24632352941176472
0 0.8523284313725492 0.3909313725490196 0.14497549019607858 0.25980392156862747
0 0.6914215686274511 0.607843137254902 0.07806372549019613 0.17647058823529405
0 0.7694852941176472 0.5986519607843138 0.07487745098039213 0.15808823529411767
0 0.836795343137255 0.5925245098039216 0.05974264705882362 0.1311274509803922
0 0.8921568627450981 0.5796568627450981 0.03982843137254903 0.13725490196078433
0 0.9299938777889438 0.36519607843137236 0.03743873597004434 0.23774509803921562
0 0.9574754901960785 0.33884803921568635 0.02389705882352942 0.24632352941176472
