5 0.16130514705882354 0.7732843137254902 0.12984068627450981 0.18627450980392155
6 0.2118872549019608 0.6170343137254902 0.14975490196078434 0.20710784313725497
6 0.2572916666666667 0.49203431372549017 0.10833333333333335 0.14338235294117652
0 0.2947303803128523 0.4001225152867186 0.10196080800174628 0.15563732236773897
1 0.3361519489403033 0.2965685599852021 0.08762257270762872 0.1568628800295956
0 0.4197916785106772 0.3137254901960784 0.08443629819782482 0.15196078431372545
0 0.48232230392156866 0.2830882352941177 0.07567401960784316 0.11029411764705888
0 0.550827205882353 0.3082107843137255 0.08045343137254911 0.1090686274509804
0 0.6229166587706598 0.33823526881798016 0.08284312146288805 0.11519612903070624
0 0.68783700782992 0.3339460109655943 0.0740808784049377 0.10171582120606651
6 0.7346055331970318 0.6070095271068177 0.14046823068225475 0.18034119287412154
0 0.6804461273529933 0.43047310916614007 0.10337274722743402 0.13772887190405278
2 0.7563682168238602 0.465856446257277 0.09595365053647004 0.15827415699518496
4 0.7536478740163081 0.7721320234474643 0.12909226771437937 0.18034111956497512
0 0.2001832682245793 0.9018396437810895 0.035117057670563695 0.0395685156851421
0 0.23653684201030373 0.9265699660843034 0.02769796097959958 0.020545190836515986
0 0.2634928933208069 0.9395058269813691 0.04500918659184929 0.06620117047321869
0 0.3196307249491025 0.9433104657692568 0.08408309583092731 0.10881347049781677
0 0.4076778647304883 0.9231263814226649 0.08904354505545857 0.15062596042334692
0 0.4727114200059963 0.9429300254541217 0.07567478624783447 0.10957435112808625
0 0.5436874450162202 0.9353206955146715 0.07419096690964168 0.11870554705542645
0 0.6203514282220868 0.935701162011644 0.0821047019148647 0.11642274807359126
0 0.6876179208209251 0.9657580152724732 0.06825568955687032 0.06391837149138353
0 0.7437938609387043 0.9851618066180718 0.041546941469399315 0.026632654788076308
0 0.7732229444795286 0.9726064122179785 0.07468557335570608 0.05022157760037288
