0 0.25363636363636366 0.1587412587412587 0.0218181818181818 0.023776223776223782
0 0.2722727272727273 0.15524475524475523 0.0172727272727273 0.03076923076923075
0 0.29227272727272724 0.15944055944055943 0.022727272727272735 0.04195804195804195
0 0.3218181818181818 0.1657342657342657 0.03636363636363637 0.05734265734265733
2 0.3663636363636364 0.1762237762237762 0.05454545454545446 0.10629370629370628
0 0.41545454545454547 0.1888111888111888 0.06363636363636367 0.12307692307692303
0 0.47272727272727266 0.18811188811188806 0.05999999999999993 0.11608391608391604
0 0.5318181818181819 0.20069930069930067 0.052727272727272734 0.13846153846153847
0 0.5863636363636364 0.20489510489510487 0.05999999999999993 0.1328671328671328
0 0.6372727272727273 0.19650349650349647 0.06727272727272726 0.09650349650349649
0 0.694545447363634 0.20419580419580413 0.061818167454540524 0.08671328671328667
0 0.740909090909091 0.20209790209790207 0.05090909090909093 0.05734265734265733
0 0.7754545454545455 0.20489510489510487 0.04545454545454561 0.040559440559440565
0 0.7913636363636364 0.20489510489510487 0.03 0.032167832167832165
0 0.8236363636363636 0.2125874125874126 0.04363636363636374 0.027972027972027965
0 0.8518181818181819 0.22447552447552443 0.029090909090909067 0.009790209790209801
4 0.28454545454545455 0.30000005802474694 0.1090909090909091 0.07412575807638018
3 0.2866529882294671 0.361735485672355 0.10865310883923161 0.08573620002698668
4 0.3034887811511419 0.43942284252899305 0.11597376715174505 0.15473690949725974
1 0.31169932320468513 0.5203439385921986 0.09339480994959391 0.10342117955783098
1 0.3337651385044073 0.5886334010764633 0.08518424762629731 0.11842110420708622
0 0.3532651469971742 0.6565281674885262 0.05131581182307066 0.1436842731045978
0 0.41073885015808836 0.6762649526827937 0.06773688376830529 0.12473702744529247
0 0.46025861464827655 0.7062650312555021 0.05696055112360831 0.11210531198270829
0 0.5179889029492315 0.7066598010229828 0.05747370924183912 0.11605261661603081
0 0.5716139263043398 0.684554495484203 0.06825002972468411 0.13657900685217272
0 0.6235985486554313 0.719291360906649 0.07030271895291515 0.14289478269982273
1 0.6700393299776557 0.6545544496649511 0.08005266644399009 0.1397369684712759
1 0.7082696097858436 0.5910018313489692 0.09903951681852635 0.12315793199864117
2 0.7426511895184735 0.5085017872296685 0.1205921861618706 0.15236848741311773
5 0.7990985967126786 0.42126490713044823 0.11032899541960205 0.15000006532897586
1 0.8488749341810569 0.34981750759217284 0.04977633746837867 0.08921056516933817
