0 0.02190563725490196 0.42708333333333326 0.03743872549019608 0.1654411764705882
0 0.02230391564662225 0.5447303921568628 0.038235305961657466 0.08700980392156865
0 0.07328431372549021 0.43075980392156865 0.06213235294117649 0.1654411764705882
0 0.07328431372549021 0.5680147058823529 0.07169117647058824 0.1017156862745098
1 0.163296568627451 0.45098029095819525 0.13382352941176473 0.2303923592600797
1 0.2975183724829326 0.44975485136145066 0.13939949006390412 0.22549029727709885
0 0.4170247179111016 0.44105188867569933 0.1232855582530803 0.17770068207598577
0 0.3607682029822014 0.53450587432706 0.056256537175351014 0.06260956674179816
0 0.45053927294286794 0.5455546213991421 0.11131612675122654 0.1509995433184544
0 0.5358217716083403 0.440131159753026 0.1155054077550694 0.18690797130272074
1 0.631278345632709 0.44289334652104656 0.08857409269925666 0.18138359776667992
0 0.560059978294881 0.5533808172418668 0.09814970315699519 0.17585922423063885
1 0.645043257857645 0.5441735280151319 0.08019548916486187 0.13166423594231083
0 0.7084356517073916 0.42807958393779083 0.07023337213084034 0.13663635278201738
3 0.7387214709066692 0.5149781040578 0.1233729076584071 0.13091952367662424
0 0.7872159421398688 0.39206247002453937 0.10144820418899173 0.14006655410708896
0 0.8355246108012931 0.4509475927716013 0.08658399844701478 0.10805134173975432
0 0.8695264814360653 0.36119065809889533 0.048308668661424574 0.06345872451382405
