0 0.1019607843137255 0.44546568627450983 0.05416666666666667 0.11397058823529406
0 0.10036764705882355 0.5355392156862745 0.04301470588235294 0.08333333333333329
1 0.14895833333333328 0.5680147733481313 0.07965686274509803 0.0821079780688113
1 0.1421875 0.47732843137254904 0.05337009803921568 0.08946078431372548
1 0.17882965686274502 0.4583334766981123 0.07089460784313721 0.16911793378838091
1 0.19595588235294123 0.5686274509803922 0.04620098039215687 0.09313725490196077
1 0.24613970588235298 0.420343137254902 0.10196078431372552 0.21813725490196081
1 0.3469056372549019 0.40441176470588225 0.1091299019607844 0.21078431372549017
2 0.32738972167436686 0.5759803921568629 0.09877447821989385 0.1617647058823529
2 0.24733455882352942 0.5735294117647058 0.0884191176470588 0.12254901960784316
2 0.40943628635381446 0.5563725490196076 0.08284316094292253 0.1495098039215685
1 0.46798406665344927 0.3903186274509804 0.14895832938532996 0.24877450980392155
1 0.4978554040008732 0.558823529411765 0.0908088472174326 0.14705882352941183
1 0.6101715686274509 0.3970587560636335 0.1465686274509805 0.2328432721864585
1 0.5838848039215687 0.5680147058823529 0.07806372549019613 0.13112745098039214
1 0.6679227941176471 0.5477941176470589 0.07567401960784309 0.13970588235294115
1 0.7268688843930302 0.4056372549019606 0.10753678839390331 0.1862745098039214
1 0.8188725490196078 0.30943627450980393 0.07806372549019613 0.12132352941176475
2 0.7508254334791766 0.5565345973099984 0.0994064981364447 0.1772403176146492
1 0.8262032085561498 0.5347593582887701 0.08031518392480948 0.1600226867606547
2 0.8617525522605736 0.4167679468481607 0.08031518392480962 0.16306109220547732
3 0.9116900652530779 0.5162838355765912 0.06564776465944064 0.08992844473895964
1 0.8700981595613092 0.5384200681277196 0.043615295698395326 0.07470978486005876
1 0.9272027219705484 0.40560267282094853 0.05980241575140823 0.12313279356565232
