1 0.23562955744110614 0.46252155220951047 0.04896603816036347 0.11490088208570143
0 0.23958640410682136 0.543180449567685 0.038084706152547686 0.06315743849743852
0 0.2660478538740592 0.5625842409132835 0.041546941469399315 0.08979009328551513
1 0.258628757183095 0.45072709080336226 0.04154694146939935 0.12783674298276723
1 0.3009176083215908 0.42713816799106596 0.0736963604635774 0.17958018657103017
1 0.3019068212137194 0.5568772434586957 0.04500918659184936 0.12251021202515183
1 0.37337744163870973 0.422953036524368 0.07913700930768844 0.18947231549231552
1 0.35606622092925916 0.5629647074102561 0.07320176627451104 0.1544693977708436
0 0.46389043229977034 0.43715844069450777 0.1018889278892414 0.17628016703093766
0 0.4263003423988853 0.5496483800162179 0.059352773527713294 0.0867463613097349
0 0.4854058127035665 0.5595405089375034 0.06776108311080606 0.09283382526129515
0 0.5655320569659795 0.4457609906621922 0.10139432144317696 0.16972812901079934
0 0.5479735281306977 0.5576381764526408 0.05935277352771344 0.06467930448532862
0 0.610788557812159 0.5435609579555978 0.05737436980605144 0.08674644509161544
0 0.6533247011423887 0.4335660270785441 0.07616939269389879 0.1621588704324032
1 0.6743454751001206 0.5576381764526408 0.06677187021867766 0.15599126375873382
1 0.7245480293756448 0.4157241730818903 0.05935277352771351 0.15523033076478876
1 0.7369131905272518 0.45110755730033475 0.07419096690964182 0.12403207801304199
1 0.7829115900112297 0.45148802379730724 0.030665599655985146 0.11109621711597634
0 0.741859268470593 0.5823685615922652 0.07320180059410476 0.14001177561323822
