1 0.12386642156862746 0.39889705882352944 0.12824754901960783 0.15073529411764702
3 0.17524509803921565 0.5306374319996288 0.17046568627450967 0.15441211890121828
1 0.23897058823529413 0.42647058823529416 0.10674019607843135 0.18137254901960786
4 0.0561582139934736 0.4387255660950784 0.10753701622224131 0.12990211258231477
0 0.3524816176470588 0.46078431372549017 0.1250612745098039 0.1813725490196078
0 0.31464460784313725 0.5594362745098038 0.10992647058823529 0.13848039215686278
0 0.41660539215686276 0.6250000758990005 0.11948529411764701 0.1568628968960403
0 0.4723651960784313 0.4779411258712545 0.12267156862745102 0.16911774825749068
0 0.5974264705882354 0.41421568627450983 0.13063725490196076 0.22058823529411767
0 0.5444546568627452 0.6145834935645567 0.12665441176470593 0.253676791050682
0 0.6711091210266923 0.6133579359026997 0.1266545060833404 0.2536767573177928
0 0.7443933823529412 0.39828431372549017 0.1601102941176471 0.2818627450980392
0 0.8957414215686277 0.38602941176470584 0.13939950980392155 0.22549019607843138
0 0.8519301470588236 0.5275735294117647 0.09160539215686271 0.12622549019607845
0 0.7607230392156865 0.5876225490196078 0.07009803921568633 0.1458333333333333
