2 0.12028186274509803 0.829044117647059 0.15612745098039216 0.19240196078431382
4 0.15413602941176474 0.6813725490196078 0.14736519607843138 0.22794117647058826
1 0.23618259803921568 0.46200980392156865 0.1346200980392157 0.1740196078431373
0 0.2823835784313726 0.33578431372549017 0.1139093137254902 0.1715686274509804
1 0.35652365923655366 0.2499779025058558 0.10712681015306198 0.15192027224112784
1 0.45706725759250005 0.20440182083351743 0.12149018134676864 0.15099954331845428
0 0.5755650699405799 0.19887747264149538 0.12149018134676869 0.1417923047797572
1 0.6796995110949527 0.25135890084979523 0.11071765295148865 0.15468264908929005
1 0.7506186563638794 0.3544806352292983 0.10772528395279977 0.17493849530796537
2 0.7914318807913849 0.4796997687128945 0.1334596573415243 0.16573120608123026
1 0.8240487028770938 0.5938701551244087 0.1340581311412619 0.15099954331845417
3 0.8336242836728982 0.7481806396487972 0.14363371193706642 0.2126883811375788
3 0.8850930156193797 0.8761619599004138 0.11849784201001418 0.2016396340654968
