1 0.10196828810332402 0.4603864771433032 0.022850817808169614 0.1272279965876112
2 0.14386145408496837 0.451597701063238 0.06637618506182609 0.17828660048132364
1 0.2298240544109398 0.46624566119668004 0.10228461304609265 0.21260467850824505
1 0.13216401163554817 0.5758961056241607 0.027747421624205994 0.09374694485402933
1 0.15746313135173598 0.5784071845041794 0.046789769797680646 0.1272279965876111
1 0.20996560560145905 0.6018439207176867 0.06365584960847254 0.10211720778742475
0 0.2689968849392306 0.610214183651082 0.05658297742975332 0.12053178624089461
1 0.3378213719090749 0.4708493058100476 0.12132696121956733 0.19837523152147263
1 0.3353730700010567 0.617747420291138 0.07399312433121594 0.1155096284808576
1 0.4553398634939473 0.4721048452500569 0.1071812168621291 0.1724274164279467
1 0.4139907646029737 0.5897070394642633 0.08324226487261804 0.16991633754792815
1 0.5092025054703471 0.5968217629576493 0.09194733832334918 0.164057153494551
1 0.5600727784480581 0.45661985882327527 0.11098968649682404 0.17159039013460706
2 0.6084947495177502 0.5913811323709721 0.10446088140877538 0.1581980500812346
1 0.6539243515887548 0.4562013456766054 0.08650666741664224 0.16070904832119312
3 0.7823241849870414 0.41602408359630727 0.14308964484639547 0.14229446986772296
0 0.6933692156623806 0.5620852524241181 0.07834566105658144 0.13810949968114605
4 0.7793318159883513 0.5445077002639876 0.12404729667292055 0.13643544709446656
2 0.8584935925119068 0.48340470021014026 0.05168640327565217 0.1213688125342342
