2 0.0609375 0.42708333333333326 0.029473039215686284 0.12867647058823528
2 0.09439339814495508 0.43688725490196056 0.048590717858537566 0.1286764705882352
2 0.1393995275699372 0.4693627450980393 0.05575983945359989 0.13480392156862753
1 0.18201593137254904 0.4424019607843138 0.06770833333333331 0.15196078431372556
1 0.25012256283762 0.44056372549019607 0.07487747861641646 0.1727941176470587
1 0.3273897058823529 0.41850490196078427 0.10514705882352943 0.18259803921568626
1 0.43532475490196076 0.41360287371069204 0.12028186274509806 0.18995111532371317
1 0.5560048980127809 0.40686266919903863 0.12745097249615 0.20098054395486392
1 0.6619485294117646 0.4178921568627451 0.09240196078431374 0.1666666666666667
1 0.732843137254902 0.4221813725490196 0.06850490196078425 0.18259803921568626
1 0.7790441176470588 0.4375 0.06053921568627445 0.14950980392156857
1 0.8128982843137256 0.44607843137254904 0.042218137254901936 0.12745098039215683
2 0.8527267156862746 0.41789215686274545 0.048590686274509805 0.13480392156862767
1 0.06890318627450981 0.5189950980392157 0.037438725490196084 0.052696078431372514
1 0.11430759803921568 0.5520833586330001 0.0772671568627451 0.11887259961894152
1 0.17126225490196081 0.571078431372549 0.05257352941176473 0.11764705882352942
1 0.23299632155541009 0.5680147058823526 0.07886029806565048 0.131127450980392
1 0.3030943469530841 0.5526961037310394 0.06930147058823531 0.1250000505993339
1 0.37518382352941193 0.5343137845227521 0.07647058823529411 0.12254913767295499
1 0.4528492647058823 0.5287990196078431 0.06611519607843136 0.06004901960784317
1 0.529718137254902 0.5343137760895299 0.08125000000000007 0.07107853257121631
1 0.6065870098039217 0.533701047857935 0.08045343137254904 0.09926484081390957
1 0.6778799019607843 0.5404412355031443 0.06850490196078436 0.09803933375138643
1 0.7396139705882354 0.5496323529411765 0.06770833333333343 0.12377450980392161
1 0.7822303921568629 0.5508578431372549 0.035049019607843096 0.08700980392156865
1 0.8252450802732001 0.5367647058823528 0.06213231740914507 0.10784313725490201
1 0.8606924019607844 0.5079656862745098 0.027879901960784253 0.050245098039215674
