4 0.1266544117647059 0.19852941176470587 0.1672794117647059 0.19607843137254904
4 0.16966911764705883 0.40134803921568624 0.14816176470588238 0.2316176470588236
4 0.2051164215686275 0.590073394480208 0.10116421568627455 0.17524482817610285
3 0.2795955882352941 0.6678921568627451 0.10196078431372552 0.17401960784313716
3 0.32898284313725495 0.7935049019607843 0.09558823529411761 0.1703431372549018
3 0.4162071078431373 0.8327205882352942 0.09638480392156865 0.11887254901960788
5 0.46758578431372555 0.8707107843137254 0.07009803921568619 0.12132352941176477
5 0.5404718137254902 0.8541666666666665 0.07248774509803922 0.12745098039215677
5 0.6177389705882353 0.8363970588235294 0.07567401960784316 0.17034313725490194
5 0.6742953431372549 0.7818627450980392 0.09957107843137245 0.19607843137254888
5 0.730453431372549 0.6936274509803921 0.09877450980392155 0.18627450980392155
1 0.7806372549019609 0.6176470588235294 0.09080882352941189 0.1740196078431373
2 0.817279411764706 0.4564950980392157 0.13860294117647057 0.22916666666666657
3 0.8690563725490198 0.25919117647058826 0.12904411764705884 0.2267156862745098
3 0.8758272058823531 0.10110294117647058 0.13143382352941188 0.15073529411764708
