0 0.10435049019607845 0.49080882352941174 0.07009803921568629 0.14338235294117646
0 0.11988357843137257 0.5821078431372549 0.0708946078431373 0.0857843137254902
0 0.17086397058823533 0.5055147058823529 0.09160539215686275 0.14338235294117646
0 0.20073529411764707 0.6176470588235294 0.10674019607843141 0.10294117647058819
0 0.2433517156862745 0.5098039215686274 0.08841911764705884 0.1715686274509804
0 0.32380514705882363 0.5079656862745098 0.121875 0.20465686274509806
0 0.2911458333333334 0.6439950980392157 0.07567401960784316 0.13112745098039205
0 0.3775735294117648 0.6439950980392157 0.10196078431372549 0.1899509803921569
0 0.43452820404052545 0.53125 0.13780637649702313 0.28308823529411775
0 0.486703431372549 0.6403186274509803 0.082843137254902 0.14338235294117652
1 0.5552083333333334 0.4699754901960784 0.14656862745098032 0.258578431372549
1 0.697794117647059 0.41605392156862747 0.18321078431372548 0.295343137254902
0 0.5994178803128524 0.6145833333333331 0.08841914133507968 0.12867647058823514
0 0.6954044117647059 0.5906862745098039 0.060539215686274586 0.04411764705882362
0 0.7897977941176473 0.582720588235294 0.07248774509803937 0.09436274509803916
1 0.879810049019608 0.5980392156862745 0.05018382352941174 0.0857843137254902
1 0.8694546529147417 0.41605385410284934 0.17285538426085567 0.2953432721864587
0 0.9439338235294119 0.6090686274509803 0.055759803921568644 0.09558823529411768
0 0.9646446078431373 0.4681372549019608 0.06372549019607845 0.23529411764705885
