2 0.12505009707915615 0.424881784331047 0.09127737141004401 0.08923668747173678
2 0.11560761038156539 0.34256266953153786 0.036421020119278606 0.06018288224838066
2 0.17473556279743133 0.3505178781045998 0.07913703137028442 0.11621522089342466
1 0.20576087623237171 0.46846259689343145 0.09262629808112804 0.12520827482202318
1 0.25005063526631 0.3664282952507233 0.07239239801486243 0.15357011332345402
2 0.3298621489147689 0.382684591030457 0.09442490486117382 0.1556453851251219
1 0.2923169909223503 0.48886933154915163 0.08498240702085633 0.1466525406512259
1 0.42968270363238176 0.38648925600018347 0.10791413368675144 0.15218659878900845
1 0.3777490267956314 0.5068550728606194 0.10206878477871877 0.15772076165414237
2 0.5380464795428281 0.38925628506907456 0.11510840926586816 0.17847337494347368
1 0.6551782788153229 0.39306095003879976 0.12005447372651097 0.21236948103738912
1 0.47127460932415055 0.5141184718027838 0.08857951806787526 0.16117944326290434
1 0.560528590727568 0.5134267145355611 0.08992844473895957 0.15564538512512222
1 0.763488190336536 0.3847598628321265 0.09712272031807644 0.19300027755515167
1 0.6411855054915511 0.5345253111858554 0.07733846247550531 0.1438855115823353
1 0.7138027246182608 0.5258783453455709 0.06879526022530413 0.12244103629842967
1 0.77697745704738 0.5231113162766798 0.053057782395986235 0.1086058909539743
1 0.8388032628054148 0.3802634405951786 0.05260814017229137 0.17155580227124592
1 0.8255388172064181 0.5137725931691725 0.05305778239598595 0.1355844243756622
1 0.8646576906678655 0.5065091418633334 0.038669231237752656 0.11413994909175634
1 0.8828682007275048 0.36158599438016387 0.036421020119278606 0.15633714239234517
