3 0.1302389350562041 0.13664209783018907 0.11709558823529416 0.24142178789123028
3 0.1744485294117647 0.3443627450980392 0.16409313725490202 0.23284313725490197
1 0.19635416666666658 0.5330883617924519 0.12824754901960778 0.17156888044764884
0 0.2445465725754546 0.6556372549019608 0.12107842347654225 0.19362745098039202
0 0.2939338235294117 0.7867647817813532 0.09877450980392155 0.17156877924898167
0 0.37876838235294125 0.8345588235294117 0.09001225490196077 0.11029411764705883
0 0.4544424019607844 0.8578431372549019 0.08204656862745104 0.10784313725490194
0 0.5392769607843139 0.8529411764705883 0.082843137254902 0.09558823529411768
0 0.616544117647059 0.8351715686274512 0.0892156862745098 0.13357843137254904
1 0.6993872549019607 0.8149509803921569 0.09877450980392169 0.17156862745098053
1 0.7404105392156863 0.678921568627451 0.12346813725490194 0.1985294117647058
0 0.7778492647058824 0.539828431372549 0.12824754901960772 0.17524509803921567
1 0.8244485294117649 0.3731617647058823 0.14816176470588246 0.2561274509803922
2 0.8618872549019605 0.1537990786403991 0.10196078431372534 0.22671556820939778
