2 0.21812118273474315 0.6816101109638255 0.13490930941696397 0.1927895576491361
0 0.26497253899626194 0.5582942677828465 0.11571715566102438 0.14589480038313007
0 0.25509420954555595 0.43628105674814566 0.12192644024114697 0.1537105932607978
1 0.28444688958311726 0.3168731100060004 0.10160530740967992 0.16152638613846548
0 0.3519015242245436 0.23089949643806387 0.098782937759411 0.13199984131668294
0 0.42895220229884745 0.15447830243668298 0.11402376062693725 0.149368486106538
0 0.5429759361697104 0.181399204663482 0.11628160283500387 0.13894775319553837
0 0.6310338781767908 0.23133349998787467 0.09934740277077353 0.12765814849365345
1 0.7044979043058666 0.27518883628910296 0.10329874257787793 0.1632633190721763
1 0.7211498986204901 0.43193890455788264 0.12192632875750559 0.15371068333280474
1 0.7394952968878922 0.5500442822041542 0.11797508259665898 0.13634212861495593
2 0.7575584715683041 0.6763995823787138 0.134909318335655 0.19105271478743213
3 0.7648966081326017 0.7992813319378759 0.14055400858339065 0.14849983048846954
0 0.15752265939473756 0.8710394175184832 0.018627639691774663 0.03560527866493061
0 0.19167333216299112 0.8653946782179455 0.04741581012451729 0.11636847173416313
0 0.23683124656729335 0.8693025746567793 0.07338161090699107 0.15544743612250173
0 0.3116240333807274 0.8905788997126524 0.08297764988052245 0.15110532896824186
0 0.39460171001732397 0.8996972076429899 0.11910399924134703 0.09639501301178571
0 0.5145524090053875 0.9096842342418004 0.12079744332823643 0.12157887421846594
0 0.615028779703324 0.9361709888035782 0.08692898522828166 0.08771063657365435
0 0.6774031489742662 0.9409473427020665 0.043464492614140655 0.05905265729793371
0 0.7159236541037979 0.910413070688374 0.080992327769457 0.03828035469153383
0 0.7690798275301799 0.9114801860524946 0.025016469159077417 0.019040875311362556
