0 0.07965686274509803 0.4895833333333334 0.14497549019607844 0.25367647058823534
0 0.2198529174884498 0.47794117647058804 0.15294112909454669 0.2671568627450981
1 0.35049019607843135 0.48713235294117646 0.11629901960784317 0.2193627450980392
1 0.4743565979070414 0.44852945393081756 0.12984064679447513 0.2573530255086935
0 0.07129289215686276 0.6360294117647058 0.07248774509803921 0.06372549019607839
1 0.14696691176470592 0.6360294117647058 0.0900122549019608 0.12254901960784309
0 0.2373774509803922 0.6433823529411765 0.08284313725490197 0.1544117647058824
0 0.3329656862745099 0.6354166666666667 0.10036764705882352 0.16789215686274508
0 0.4400061278384768 0.6287890862367174 0.11191460055096414 0.21729202575094647
1 0.535761935796521 0.6218836193166661 0.09874817695673307 0.14639589870508687
1 0.5653863844342506 0.46351824461682384 0.07780158506733051 0.2016396340654969
1 0.6153589511616453 0.4925212056810391 0.06403669657194215 0.14547516978241326
0 0.5953100788704297 0.6020879474791858 0.0634382227722044 0.09023143442200322
1 0.6877742809299163 0.45431089836604616 0.09874817695673312 0.17033496474268262
1 0.7733560342924182 0.40367086464304613 0.08797564856145314 0.15376173008647476
1 0.6802933584331937 0.5680210470363182 0.1388459215391641 0.1068046944222303
1 0.779041535389927 0.49436266352638614 0.10652833635332427 0.11232892856616722
