5 0.13718202521471204 0.14960629921259844 0.13865710075465518 0.1837270341207349
5 0.13718202521471204 0.3438320209973753 0.16815861155351797 0.20209973753280835
5 0.8924207016655998 0.1417322834645669 0.17405891371329063 0.20734908136482935
3 0.8378429066877033 0.34645669291338577 0.19667673865908517 0.2388451443569554
3 0.12980664751499632 0.48228346456692917 0.13964048444795057 0.1299212598425198
3 0.7901487975628754 0.5137795275590551 0.16815861155351797 0.1745406824146981
3 0.12685649643511007 0.6089238845144358 0.14947432138090486 0.13910761154855641
2 0.137182025214712 0.7598425196850394 0.15439123984738198 0.12335958005249338
2 0.2025770408188579 0.8510498687664042 0.1770090647931768 0.1561679790026247
2 0.6544418478881064 0.821522309711286 0.154391239847382 0.19422572178477693
2 0.7503217579844107 0.6830708661417323 0.14554078660772318 0.2217847769028871
2 0.2994403346084574 0.8996062992125985 0.13669033336806433 0.12729658792650908
2 0.416954685957261 0.9035433070866142 0.11997281058204208 0.15616797900262455
2 0.540369339465837 0.9101049868766402 0.10915558995579239 0.15879265091863515
