0 0.12135802002922982 0.3072093336979226 0.029676386763856664 0.08646965840284579
1 0.1409174567599534 0.41858233464646766 0.06429883798835596 0.08785333478865213
1 0.18295900467541681 0.46873475080112054 0.08902916029156978 0.11068135316900808
0 0.1523833479497135 0.3597828860068523 0.040467829103617375 0.10030480374730084
0 0.18633132135312813 0.39437074936799105 0.03821958901405779 0.09200371654062792
0 0.22410128374330626 0.39955892887216116 0.06250030029320765 0.14388551158233512
0 0.23309411261738713 0.5015931257875197 0.06339955354096652 0.10722237641952873
0 0.27648458720393515 0.3940248707343797 0.06924490244899886 0.1784733749434736
0 0.2897490328029316 0.523383479705037 0.07509025135703123 0.15218659878900845
0 0.35472233412682996 0.4037094724754984 0.09352558252851793 0.19922609296015661
0 0.3652889263836577 0.5520914062947817 0.08138524248875839 0.13350915257399387
0 0.4552173555228014 0.40613062291077695 0.12365158031643964 0.2289716554507348
0 0.4473486322079583 0.5513996490275589 0.0719427557911677 0.0961542601439644
0 0.5440217103023399 0.5337598387133784 0.07014418689638859 0.10514710461786031
0 0.5797682459148981 0.38987432713104186 0.12634942251588327 0.23381395632129418
0 0.6782399140752371 0.4171987391863424 0.07688882025181044 0.17778161767625092
0 0.6364231872716202 0.5482867698870609 0.07868738914658968 0.10929770534520672
0 0.722754494221021 0.4874121398921257 0.0822845269361477 0.16602182029881032
1 0.760749262123231 0.35251939185800624 0.08812987584418026 0.21721186759396224
1 0.833407556121077 0.34629361929600877 0.060701700198797684 0.17432283134013693
2 0.9017531741226864 0.30444230462903143 0.03732030456666848 0.09338723107507345
2 0.8361054094632459 0.45593714615081715 0.07419096690964168 0.08508614386840023
0 0.7868695859686656 0.47703574280111155 0.07104347134377789 0.11344819182453357
0 0.8662314384507974 0.35009828426573397 0.030126028987551477 0.09200371654062782
2 0.879271056252311 0.396446021169659 0.05260815354356081 0.09477074560951876
