0 0.1151041666666667 0.47549019607843135 0.035845588235294115 0.10294117647058826
0 0.1441789215686275 0.49264705882352944 0.041421568627450986 0.09313725490196077
0 0.17205882352941176 0.4846813725490196 0.049387254901960824 0.10661764705882348
0 0.21109068627450983 0.48774509803921573 0.07647058823529412 0.13970588235294124
0 0.2764093314915058 0.5018382352941176 0.08443631004183522 0.20955882352941174
0 0.13262867647058824 0.5465686274509803 0.029473039215686257 0.04411764705882348
0 0.17006740196078432 0.5753676470588236 0.054963235294117646 0.0747549019607844
0 0.2079044117647059 0.5949754901960784 0.0430147058823529 0.08700980392156858
0 0.2564950980392158 0.5943627450980392 0.06372549019607841 0.14215686274509806
0 0.3226102941176471 0.5949754901960784 0.049387254901960775 0.0968137254901962
0 0.3500919117647058 0.4613971262893077 0.08523284313725486 0.177696213362929
1 0.4436887254901961 0.42463239510728784 0.11948529411764708 0.20955890786163478
1 0.5671568824851154 0.42156862745098045 0.12585788261728975 0.22303921568627433
0 0.3935049019607844 0.5723039215686275 0.05735294117647065 0.10049019607843135
0 0.4647977941176471 0.545955882352941 0.04381127450980386 0.05514705882352935
0 0.5293198529411766 0.5533088235294118 0.05337009803921568 0.06985294117647058
1 0.6026041666666668 0.5526960784313726 0.04699754901960787 0.05637254901960787
1 0.6547793920246889 0.4601715686274509 0.06850486248074959 0.1703431372549019
0 0.6599571078431373 0.5606617647058824 0.04540441176470594 0.08946078431372534
0 0.721161093300576 0.4703040349505517 0.07989510586312519 0.19494977530823404
0 0.7226475138747737 0.5609185199545256 0.08212473672442186 0.13263445123610063
0 0.7780166802636371 0.45486812898772966 0.06280126925985201 0.1583609611741374
0 0.7743006288281431 0.562061920396216 0.039018540072689095 0.06403042473466926
0 0.8131333663290573 0.45601152942942025 0.045335827513029156 0.11719854527327861
0 0.8432333829565605 0.4397180731353303 0.044592617225930414 0.1131966437273617
0 0.8190790486258481 0.5360495603477569 0.058713612680808325 0.08518333290594399
0 0.8478784472509281 0.49202864334267177 0.0382753297855902 0.05659832186368078
0 0.8709179661509922 0.3985556572344715 0.018208652033921593 0.06974742694312183
