0 0.4422645959300751 0.39410141428078616 0.1244394180053207 0.22593997930320783
0 0.5678251121076233 0.39582614694722323 0.13116591928251117 0.2259399793032081
1 0.33219761499148204 0.40204429301533223 0.09965928449744464 0.18398637137989773
1 0.679344065322507 0.39267461669505926 0.10076649521060262 0.18228279386712085
1 0.26409710391822827 0.403747870528109 0.07640545144804087 0.1976149914821123
1 0.21980408858603062 0.4080068143100511 0.052044293015332206 0.1379897785349233
1 0.769037478705281 0.3824531516183986 0.07640545144804094 0.23339011925042594
1 0.8304940247375778 0.3926746166950595 0.0531515929163823 0.1516183986371379
1 0.8675894378194208 0.39863713798977857 0.04318568994889262 0.13628620102214647
1 0.19433560477001705 0.40119250425894376 0.03211243611584326 0.131175468483816
1 0.1699744463373083 0.3969335604770016 0.032112436115843274 0.13969335604770017
1 0.9024701873935264 0.3969335604770017 0.03100511073253841 0.10902896081771729
3 0.6361584008558696 0.5587734241908007 0.08304946745350772 0.1703577512776831
0 0.5547700170357751 0.5689948892674617 0.0752981260647359 0.1294718909710393
0 0.47393526405451447 0.555366269165247 0.07751277683134575 0.12606473594548562
1 0.39365417376490625 0.5604770017035776 0.07640545144804087 0.1362862010221466
1 0.3222316865417376 0.5638841567291312 0.0752981260647359 0.16013628620102216
1 0.26132872675432856 0.5698467122995843 0.06643939558702167 0.16183993226526774
1 0.2181430431759997 0.5502555366269158 0.06643940832814921 0.13287904599659286
1 0.17551107325383303 0.533219776732808 0.05204429301533222 0.11925045636169797
1 0.7153321530210454 0.5613287904599658 0.07751286601923835 0.21294718909710372
1 0.7906302981974723 0.5596252281808493 0.08415667816666543 0.13458265397668914
3 0.8454429301533224 0.5306644218888876 0.07862010221465086 0.12095405672496407
0 0.899701873935264 0.5051107325383305 0.05647359454855206 0.09028960817717198
