0 0.36323526791802635 0.8327205882352942 0.09558828769335896 0.18504901960784303
0 0.45683210784313727 0.8498774509803922 0.08363970588235305 0.16789215686274517
0 0.5408700980392157 0.852328431372549 0.082843137254902 0.16789215686274503
0 0.6304840686274511 0.8155637254901962 0.10275735294117652 0.16789215686274517
2 0.8694546568627453 0.23529411764705885 0.17285539215686285 0.27450980392156865
3 0.10952818627450985 0.0735293948982613 0.16488970588235297 0.13970591608583027
4 0.9013281953101062 0.054534330591934764 0.14734360937978708 0.10416663293377752
2 0.13820462542320036 0.2628676470588235 0.17922800405556058 0.275735294117647
2 0.16608455882352946 0.47303921568627444 0.14577205882352945 0.19117647058823528
2 0.20949754901960788 0.6446078431372549 0.12585784313725493 0.19852941176470595
2 0.2795955882352942 0.7849264705882354 0.10833333333333335 0.1801470588235294
2 0.713327205882353 0.7518381846947838 0.09160539215686274 0.17769617963003942
2 0.7921875 0.6200980392156863 0.12984068627450981 0.20588235294117638
2 0.8272365196078433 0.4473039215686274 0.1362132352941177 0.17892156862745096
