2 0.12742176460389248 0.43453272958999634 0.04029779386653916 0.15446611990563902
1 0.1588404132276311 0.4334819396586655 0.048494014684810675 0.1586692796309625
1 0.21962858107817698 0.4324311279299089 0.08947476265282425 0.1943961808910635
1 0.1449852838400869 0.573631063521775 0.02348309126525331 0.12132481135894345
1 0.1640872013618228 0.5674298610105108 0.031544450953325316 0.11000084910404945
0 0.20334251810373868 0.5709349566026871 0.0490691459273949 0.11701104028840327
0 0.2587205542217986 0.5712045672945959 0.058882975112873874 0.10676583399587024
2 0.3167272945859691 0.4328942823454004 0.10900360273871304 0.19897269062866718
0 0.4201229838573688 0.4304677301905923 0.10059172699993696 0.17039406914159735
0 0.32005698663104226 0.5830674377385815 0.06449087750457615 0.11431493336931546
0 0.39033101347706145 0.5676996282997819 0.07605717618746212 0.16554096483198058
1 0.5179107624303576 0.4269628471234077 0.09848872483840922 0.20544334723447746
1 0.602204575713563 0.4307373968101303 0.077809645684869 0.13534456733819902
1 0.6779112580015437 0.4326246716534915 0.09182940166412472 0.12402091827803105
1 0.4756762780007805 0.5749791169813185 0.09253038946308749 0.19519814094194451
0 0.5643512124183503 0.5801017201275859 0.08692244276894018 0.12887391073238885
2 0.6419856333047018 0.5509838101435425 0.115312492929378 0.13210932851950083
2 0.7592258426812271 0.43316389303730923 0.0834175480765714 0.11215804783404551
1 0.7408249129584555 0.528336590321888 0.11461150513041515 0.10299153039071646
