3 0.14218749999999997 0.18014697449130657 0.1266544117647059 0.1421570314095438
1 0.15811888826879206 0.31862750157972575 0.11868875692974096 0.15686284629670652
2 0.17365196078431375 0.44730392156862747 0.09877450980392156 0.12499999999999993
0 0.2027267156862745 0.5465686274509803 0.09160539215686274 0.13970588235294124
1 0.23697918500640125 0.6685049019607843 0.09001229158142979 0.1384803921568628
1 0.29592524509803925 0.7383578431372549 0.0836397058823529 0.12132352941176464
1 0.38075980392156866 0.7616421568627451 0.09240196078431374 0.12132352941176464
1 0.47196691176470595 0.7610294117647058 0.08523284313725497 0.12990196078431368
1 0.5472426470588236 0.7291666666666665 0.07487745098039206 0.125
1 0.5962316176470589 0.6550245098039216 0.06930147058823537 0.14828431372549006
1 0.6253063725490197 0.5441176470588235 0.10196078431372556 0.15931372549019607
1 0.651991405848855 0.4417892156862744 0.09319856085130965 0.13848039215686261
1 0.6635416666666668 0.32169117647058826 0.11629901960784324 0.16299019607843138
3 0.6870404411764707 0.19178921568627452 0.11231617647058818 0.1531862745098039
0 0.6842524509803922 0.0698529411764706 0.07169117647058826 0.11519607843137254
