6 0.8547181608345608 0.5404411764705885 0.14019612559068972 0.15196078431372562
6 0.9534926470588236 0.45772058823529405 0.06531862745098038 0.11151960784313722
2 0.8873774509803922 0.4215686274509804 0.12267156862745096 0.1617647058823529
2 0.7758578431372548 0.44301462155013027 0.10674019607843149 0.15318644317424984
1 0.6623468137254903 0.4332107843137255 0.13143382352941174 0.2512254901960784
1 0.5269301811183307 0.41115196078431365 0.15055140246922158 0.25367647058823517
1 0.3935049019607844 0.4522058823529412 0.12267156862745104 0.2426470588235294
3 0.2644607843137255 0.45955882352941174 0.14497549019607842 0.27205882352941174
3 0.1513480392156863 0.43014705882352944 0.10833333333333334 0.25
2 0.09200366075081577 0.3970588235294117 0.0533701294787605 0.1789215686274509
2 0.061335800033497936 0.37622549019607854 0.04301467444280807 0.17647058823529413
2 0.09996936274509804 0.5949754901960784 0.046997549019607864 0.1801470588235294
0 0.1509497549019608 0.6231617647058825 0.048590686274509805 0.15318627450980393
0 0.21029411764705885 0.6384803921568628 0.06691176470588239 0.17892156862745096
0 0.2823835784313726 0.6568627450980392 0.0788602941176471 0.1666666666666668
0 0.37438725490196084 0.659313725490196 0.10514705882352943 0.20098039215686264
2 0.49108452738398456 0.6556372549019603 0.1314337816100187 0.2622549019607842
2 0.6105698267415566 0.6158089078616343 0.1266543593654644 0.23406879611542622
1 0.7332414215686279 0.591911924937106 0.11231617647058827 0.18382384987421121
