4 0.23448304185564844 0.6308998394942469 0.14845142602495545 0.22504456327985742
2 0.2648974803583222 0.49609591792561936 0.1267268270944741 0.12923351158645274
4 0.280104694226018 0.3729898573195588 0.12093361148029459 0.14594474153297676
3 0.18705100085743098 0.7506636541110027 0.15786541889483063 0.1905080213903743
3 0.165688478575791 0.8514880747883644 0.15424465240641713 0.1047237076648841
1 0.2992947494364219 0.21813240614914256 0.10282979339460335 0.14817301285776666
0 0.3793137013921904 0.16409948298800806 0.09776069518716589 0.13146167557932262
0 0.46838455700716364 0.13234807709052096 0.10645053475935833 0.12589112759896512
0 0.5813524606783842 0.12343549011813286 0.11079547608001902 0.11920677361853828
0 0.6591989509465574 0.17189796496426413 0.09993315508021369 0.12923369558402997
0 0.7243727477380014 0.24487032039762105 0.10282976827094469 0.16377026813977577
2 0.7388558136916556 0.3986137432375624 0.12020944741532957 0.13703208556149726
2 0.7562354928360406 0.5155923528632308 0.11441622103386806 0.13034759358288767
2 0.7727283380334646 0.6507317557792257 0.1468981144810907 0.2237143002198426
3 0.823672801978085 0.7705787023255698 0.12513543085426235 0.18947231549231547
2 0.841478634036399 0.8877623833931062 0.11722172771723365 0.13011954196460251
