6 0.15581887895685637 0.39829396325459315 0.16024275880105734 0.16666666666666663
6 0.1695820606943705 0.5531496062992126 0.17597210935821636 0.18503937007874016
6 0.8346386639392496 0.4770341207349081 0.17302285612874896 0.20341207349081367
3 0.8715043293075915 0.32283464566929143 0.14451340824389836 0.18635170603674553
2 0.10666465846573449 0.25196850393700787 0.1445134082438983 0.18372703412073488
2 0.8936237285285958 0.1489501312335958 0.13369947973585142 0.16666666666666663
1 0.21185469031673532 0.6620734908136483 0.13861490178496372 0.14304461942257213
1 0.2157870279560251 0.7834645669291344 0.09929152539206623 0.12860892388451445
1 0.293450696331998 0.8149606299212587 0.06979899309739308 0.12335958005249344
1 0.36963973809323614 0.8477690288713869 0.07668058396615149 0.09711286089238808
1 0.44976111749376524 0.8667979002624672 0.08159600601526236 0.1377952755905511
1 0.5387302565826958 0.8727034120734908 0.09240993452330905 0.14960629921259835
1 0.6296655644912713 0.853018372703412 0.08749451247419714 0.1469816272965879
1 0.7122446549163561 0.7959317585301835 0.09929152539206612 0.16141732283464572
1 0.7874506122677727 0.7296587926509187 0.12190246681798228 0.17060367454068243
1 0.815468517947712 0.60498687664042 0.1366487329653188 0.11811023622047237
