5 0.8218332031238572 0.35104986876640415 0.1977121170890429 0.2480314960629921
3 0.1854165874193262 0.4101049868766404 0.17607198487034162 0.23490813648293962
1 0.14164450179513513 0.2381889763779526 0.20066304420977477 0.21128608923884504
1 0.8705235006159348 0.16929133858267714 0.17705562724391896 0.20997375328083986
2 0.7839629717411298 0.5347769028871392 0.16328463401383644 0.16666666666666663
3 0.7544537005338102 0.6738845144356955 0.165251918760991 0.15354330708661415
2 0.2970599968203529 0.6935695538057742 0.1318080780593619 0.19028871391076116
1 0.4141134392760549 0.7073490813648294 0.12197165432358865 0.15748031496063
1 0.48788661729435434 0.7979002624671915 0.10229880685204201 0.16010498687664054
1 0.6014973114425356 0.8011811023622047 0.11115158821423797 0.16141732283464563
1 0.7072388666020984 0.8083989501312336 0.14164450179513516 0.11811023622047244
2 0.8056031039598313 0.8346456692913387 0.1062333763463515 0.0971128608923884
1 0.25820612306404844 0.547244094488189 0.13869357467440313 0.1968503937007874
