0 0.5755208333333335 0.3903186274509804 0.17285539215686277 0.278186274509804
1 0.4050551470588234 0.4117646384165747 0.1696691176470588 0.27941189963743895
1 0.2756127215183806 0.42524509803921545 0.11151965500245478 0.2254901960784313
0 0.25370710784313727 0.5508578431372548 0.10116421568627451 0.09191176470588239
0 0.34889705882352956 0.5594363251091378 0.05416666666666664 0.084558924728079
0 0.44727328431372554 0.5894607843137254 0.08204656862745097 0.15931372549019607
0 0.5412683823529412 0.571078431372549 0.08682598039215683 0.13725490196078433
0 0.6348651960784315 0.5533088235294117 0.05416666666666664 0.1090686274509804
0 0.1716605392156863 0.5177696078431372 0.09160539215686275 0.11642156862745097
0 0.1099264705882353 0.47855392156862747 0.05257352941176471 0.08210784313725497
0 0.11032475490196081 0.3566176470588235 0.06292892156862746 0.13725490196078433
0 0.06332720588235295 0.33517156862745096 0.048590686274509805 0.12377450980392159
1 0.05496323529411766 0.4252450980392157 0.05416666666666669 0.061274509803921545
1 0.7173100490196083 0.4007352013522021 0.10912990196078448 0.23284332278579245
1 0.7284620098039215 0.5802696078431372 0.12984068627450981 0.17524509803921562
0 0.8224571078431373 0.520220588235294 0.10116421568627444 0.2169117647058824
0 0.9068933561533208 0.40625004216611155 0.08204651622820953 0.18014697449130654
0 0.89375 0.5159313725490197 0.09080882352941173 0.08333333333333343
0 0.9515012254901961 0.463235294117647 0.056556372549019615 0.0784313725490196
0 0.9694240196078432 0.3762254901960784 0.04620098039215691 0.09803921568627452
1 0.17365196078431375 0.36151960784313725 0.0892156862745098 0.22549019607843132
1 0.8284313725490197 0.3621323529411765 0.10833333333333328 0.23897058823529413
