3 0.10329552201736242 0.18307086614173226 0.18494817275489653 0.2296587926509186
3 0.8898171396638506 0.21128608923884518 0.1918345408893873 0.23884514435695542
5 0.8553852989913964 0.4343832020997375 0.176094270867694 0.251968503937008
6 0.12592216017354657 0.3963254593175853 0.21642871279828316 0.21522309711286083
6 0.1574027002169332 0.5761154855643045 0.13379229518439323 0.1916010498687664
1 0.18494817275489647 0.69750656167979 0.11214942390456492 0.16141732283464563
1 0.2675845903687863 0.7788713910761156 0.11214942390456484 0.11417322834645732
1 0.38907979959873173 0.8143044619422571 0.12493839329719073 0.11154855643044627
1 0.49778603943605126 0.8208661417322836 0.11018189015185315 0.13254593175853033
1 0.6315783346204445 0.8038057742782152 0.1475650314533749 0.11942257217847754
1 0.733398206323273 0.7460629921259843 0.1308409945553258 0.2217847769028871
1 0.7953755195336902 0.6069553805774278 0.16035400084600063 0.22178477690288698
