1 0.06969975490196077 0.41482843137254904 0.04540441176470588 0.12622549019607845
1 0.11191789215686276 0.4393382352941177 0.050183823529411774 0.1213235294117647
1 0.13661151960784315 0.42769607843137253 0.035845588235294115 0.1642156862745098
1 0.17484681372549024 0.43443627450980393 0.0613357843137255 0.1875
1 0.2433517156862745 0.42585784313725483 0.09319852941176468 0.2659313725490196
1 0.10514705882352934 0.5294118912042167 0.060539215686274496 0.09558848829078614
1 0.14816176470588238 0.5612745098039216 0.04938725490196079 0.10784313725490201
1 0.1848039215686275 0.5735294117647058 0.050980392156862744 0.12254901960784316
1 0.24693627450980393 0.5925245098039216 0.0924019607843137 0.1801470588235295
1 0.34690562343688996 0.3982843137254903 0.1186886978541718 0.23774509803921565
1 0.3365502450980392 0.5949754901960784 0.10116421568627451 0.20710784313725483
1 0.424172794117647 0.5649509803921569 0.07567401960784309 0.13725490196078424
1 0.4667892156862746 0.4375 0.13700980392156872 0.25245098039215685
1 0.6002144607843138 0.4227941176470588 0.13302696078431375 0.2745098039215687
1 0.49427083333333344 0.6060049019607843 0.06452205882352949 0.13357843137254904
1 0.5683517156862746 0.6151960784313725 0.09319852941176464 0.16666666666666657
1 0.6432291666666667 0.5625 0.056556372549019615 0.125
1 0.7109375000000001 0.42708333333333326 0.08841911764705884 0.22671568627450978
1 0.7153186274509805 0.6200980392156862 0.09080882352941189 0.2205882352941176
1 0.8009497549019607 0.4712009803921569 0.08523284313725484 0.23161764705882354
2 0.7917892156862746 0.6280637254901961 0.060539215686274586 0.16789215686274517
1 0.8443627450980393 0.6262254901960784 0.04142156862745111 0.12990196078431368
1 0.8587009803921569 0.4810049019607843 0.044607843137254834 0.16544117647058826
1 0.8873774509803922 0.47487745098039214 0.03823529411764696 0.15318627450980393
1 0.9116727941176472 0.4865196078431373 0.019914215686274446 0.14215686274509806
1 0.8806066176470589 0.6047794117647058 0.027879901960784253 0.0992647058823529
1 0.9144607843137256 0.5839460784313725 0.030269607843137293 0.0747549019607844
1 0.9347732981317378 0.47426470588235276 0.040624972363975685 0.11519607843137247
