6 0.8272898267361848 0.4199475065616797 0.18100039015393363 0.24146981627296576
6 0.13820953704688932 0.3792650918635169 0.1701797146556004 0.21784776902887146
6 0.8848361464318648 0.20931758530183728 0.19378846119741794 0.2637795275590551
6 0.11361709273249626 0.1751968503937008 0.20362543892317514 0.26377952755905515
3 0.76630056483649 0.5885826771653544 0.1377176881606016 0.24803149606299207
2 0.18100039015393346 0.5472440944881889 0.14165247925090446 0.2047244094488189
1 0.21641350996665956 0.7093175853018373 0.12197852379938992 0.1561679790026247
1 0.3039626117258991 0.7618110236220472 0.14952206143151023 0.1299212598425197
1 0.4018405400971838 0.8103674540682414 0.09935347503014824 0.1666666666666667
1 0.49922661958218056 0.8103674540682414 0.08951649730439101 0.14829396325459313
1 0.6039904323614954 0.7965879265091863 0.10427196389302687 0.188976377952756
1 0.7067868495956585 0.734251968503937 0.14066878147832873 0.15879265091863515
