2 0.13979779411764706 0.19056372549019607 0.12984068627450981 0.2022058823529412
3 0.18560049019607847 0.3952205882352942 0.13223039215686275 0.25857843137254904
0 0.2377757352941177 0.5808823529411765 0.09797794117647057 0.16911764705882354
0 0.29154409406740023 0.7261029411764705 0.11151965500245467 0.19240196078431368
0 0.37000612745098044 0.8327205882352942 0.09479166666666672 0.15318627450980402
0 0.43691789215686283 0.8799019607843139 0.09001225490196084 0.1323529411764706
0 0.5121936274509805 0.8970588235294117 0.07328431372549027 0.125
0 0.5814950980392157 0.8792892156862745 0.06850490196078432 0.12622549019607845
0 0.6583639705882354 0.857843137254902 0.07886029411764703 0.1348039215686275
0 0.7193014705882353 0.7671568627450981 0.1019607843137254 0.1617647058823529
0 0.7690870098039219 0.6446078431372549 0.1139093137254902 0.17647058823529405
1 0.7937806372549019 0.48713235294117646 0.10594362745098053 0.16789215686274503
4 0.8224571078431373 0.29963235294117646 0.1330269607843138 0.24877450980392155
3 0.8332107843137257 0.09191176470588236 0.1194852941176471 0.18137254901960784
