6 0.8821490098773284 0.15485564304461943 0.16039072906860524 0.21784776902887143
6 0.10233518909898733 0.23162729658792652 0.14759883043123173 0.2139107611548557
6 0.13628292009817064 0.3969816272965879 0.16629468228585445 0.1692913385826772
6 0.8644371502255805 0.3248031496062992 0.18794251074910165 0.1981627296587926
2 0.816713528386149 0.4776902887139107 0.15350278364848108 0.16272965879265094
2 0.1598987329671676 0.5236220472440946 0.1584227446628553 0.14435695538057744
1 0.17515061211172836 0.6377952755905514 0.12201503315648467 0.13910761154855672
1 0.23468214038565852 0.7513123359580043 0.11512708773636077 0.12729658792650914
1 0.31684548932571077 0.8162729658792651 0.09643123588173808 0.11811023622047244
1 0.4068807758887618 0.8412073490813647 0.09544724367886365 0.12073490813648308
1 0.5121679415963741 0.8326771653543307 0.10528716570761197 0.11154855643044627
1 0.6090911735795496 0.7880577427821521 0.10627115791048673 0.1089238845144358
2 0.6996184562440385 0.704724409448819 0.09839922028748788 0.17847769028871383
2 0.7852257778941528 0.6194225721784776 0.13185495518523369 0.1942257217847768
