1 0.04727272727272727 0.4237762237762237 0.02181818181818182 0.165034965034965
0 0.07181819259091295 0.4636363636363635 0.03818183972728049 0.16923076923076905
1 0.12409090549999871 0.4615384615384614 0.08818182536363894 0.22657342657342658
1 0.19863636363636364 0.4804195804195803 0.08090909090909093 0.1888111888111888
2 0.15681818181818183 0.6272727272727272 0.08454545454545455 0.1496503496503496
2 0.22954545454545452 0.6048951048951047 0.07363636363636364 0.07692307692307686
2 0.2968181818181818 0.609090909090909 0.05545454545454543 0.04895104895104893
2 0.3586363636363636 0.5944055944055944 0.05 0.05874125874125866
1 0.2827272547727208 0.4699300699300701 0.13454541863635067 0.23776223776223776
1 0.41090906936362864 0.46013986013985997 0.12909086599998443 0.23496503496503485
1 0.5256717677170595 0.470324178713807 0.10729669744823866 0.21387569123461594
1 0.6367005076226323 0.46709451223543097 0.12035887092542445 0.20454554363042113
1 0.7199720915744132 0.4832428446273073 0.07977276201586435 0.19090917405505997
2 0.41137745956567473 0.5966400232013654 0.05784691514600688 0.05023925633027893
2 0.4771550001752471 0.5898218384136847 0.055980885625167925 0.04377992337352879
2 0.5601933138525795 0.5959223195395044 0.09516750556278553 0.14354073237222537
2 0.6901156192409885 0.6016640604939054 0.09843305722425347 0.12200984583541703
2 0.7674460709654479 0.46207058660240397 0.05364834872411919 0.16291873124247602
1 0.8122307794655823 0.4286973663258617 0.06671055536999176 0.15645939828572586
1 0.8770753053147352 0.38814710943070785 0.06297849632831401 0.13995221406291986
1 0.7942702453275059 0.5517837378781995 0.10169860888572149 0.1212923059408406
2 0.9260585802367572 0.4229557370309726 0.04991628968244143 0.0990431053368357
2 0.8712439630621137 0.48898447392219635 0.06997610703145994 0.1019139199842801
