1 0.43761003870009346 0.4363356662274018 0.11652284880894506 0.21572678658240158
1 0.5577536539974521 0.43279085987510874 0.12113109706692597 0.22686760654675087
1 0.3434701100013413 0.4565917025262188 0.09019000162048289 0.16711229946524064
2 0.16550114247276634 0.4465132495860986 0.04500918659184931 0.12327114501909697
2 0.21125223873371204 0.4552639790164666 0.05935277352771337 0.1377288719040527
1 0.26912119292323256 0.4571663115013292 0.07023411534112743 0.17653645459525008
2 0.1709418133794734 0.5382056753564762 0.051933676836749196 0.08598542831578981
2 0.2171875160864834 0.5595117991869374 0.03561166411662807 0.0798979643642295
1 0.2636805220165255 0.5766327915507009 0.05044985749855634 0.10957435112808611
0 0.32971046785770963 0.5842421214901516 0.07765324144888665 0.1460991348374482
1 0.403406843029684 0.577393724544646 0.0717179346793204 0.10196502118863571
1 0.4706733196944258 0.5773937245446459 0.0588581670816491 0.0943556912491853
1 0.5394203802512217 0.5981030026449855 0.07562164671230696 0.1408669344162724
1 0.6101368390686764 0.5867833382722492 0.06908139618583711 0.13583597247283413
1 0.6587799604630955 0.4364833502120294 0.08951969528865567 0.19620751579409318
1 0.7378760899432122 0.4226481399539261 0.07030765871839999 0.18614572173451005
1 0.7989865730204907 0.43648332857414757 0.07480411539649816 0.15092890157891345
0 0.688619845386313 0.5760925917457836 0.08624955381782014 0.1798569846846022
1 0.7583143900590074 0.5789224602356269 0.060497317369845545 0.15407320951779788
1 0.8067531205206743 0.5587986124618737 0.04782558197481023 0.10627907105513401
1 0.8622459732862299 0.5427624212671641 0.06622003658050644 0.11696986518494036
1 0.8820711076945915 0.4267358614466184 0.04128533144834066 0.09747488765411695
1 0.8426252217068207 0.4405710067910738 0.0318837213165402 0.11005229251271281
